tyd    u    v    psl
01Z30JAN2015    1.67349    -3.04865    1011.21
02Z30JAN2015    1.7574    -2.84354    1011.5
03Z30JAN2015    2.121    -3.5148    1009.4
04Z30JAN2015    0.1212    -0.759831    1011.28
05Z30JAN2015    0.927646    -2.41934    1013.74
06Z30JAN2015    0.0606    -2.52655    1010.44
07Z30JAN2015    0.550062    -2.08837    1010.98
08Z30JAN2015    2.97872    -1.72943    1006.18
09Z30JAN2015    4.50305    -1.65485    1002.01
10Z30JAN2015    5.53325    -1.86462    1011.83
11Z30JAN2015    7.10418    -3.59871    1020.16
12Z30JAN2015    6.99231    -3.43089    1024.94
13Z30JAN2015    7.04358    -2.38671    1025.34
14Z30JAN2015    7.02494    -2.16762    1022.61
15Z30JAN2015    5.71505    -1.56162    1012.39
16Z30JAN2015    4.68951    -0.582692    1009.24
17Z30JAN2015    3.65465    -0.405554    1005.01
18Z30JAN2015    2.92745    -1.78071    997.47
19Z30JAN2015    -0.480138    -0.386908    988.744
20Z30JAN2015    0.116538    -1.26794    995.345
21Z30JAN2015    0.671262    -0.988246    1005.74
22Z30JAN2015    0.4848    -1.88326    1012.47
23Z30JAN2015    -0.0419538    -1.47305    1010.92
00Z31JAN2015    0.386908    0.0652615    1009.39
01Z31JAN2015    0.0652615    -0.717877    1009.88
02Z31JAN2015    1.3938    -0.638631    1015.08
03Z31JAN2015    1.46838    -1.14674    1021.52
04Z31JAN2015    -0.909    -1.30523    1022.2
05Z31JAN2015    -0.853062    -1.47771    1017.93
06Z31JAN2015    1.45906    0.895015    1017.01
07Z31JAN2015    1.59891    2.121    1015.12
08Z31JAN2015    1.05351    4.4238    1014.48
09Z31JAN2015    0.400892    6.82449    1012.72
10Z31JAN2015    0.708554    7.48643    1011.21
11Z31JAN2015    0.694569    7.66823    1011.73
12Z31JAN2015    0.6666    8.28822    1017.1
13Z31JAN2015    0.792462    7.3326    1019.32
14Z31JAN2015    1.31922    7.24403    1016.64
15Z31JAN2015    1.62222    8.13905    1011.86
16Z31JAN2015    0.4848    9.04338    1009.38
17Z31JAN2015    -0.438185    10.3579    1005.25
18Z31JAN2015    -0.149169    10.6236    1007.37
19Z31JAN2015    -0.335631    12.3391    1013.87
20Z31JAN2015    -0.517431    13.0616    1018.04
21Z31JAN2015    -0.219092    12.4696    1017.21
22Z31JAN2015    -0.377585    12.423    1016.4
23Z31JAN2015    -0.661938    13.3273    1016.22
00Z01FEB2015    -1.20268    14.1338    1016.96
01Z01FEB2015    -1.0302    13.4672    1015.73
02Z01FEB2015    -1.21666    12.3764    1016.17
03Z01FEB2015    -0.764492    11.1737    1014.22
04Z01FEB2015    -0.6666    9.59811    1012.58
05Z01FEB2015    -0.419538    8.48866    1011.51
06Z01FEB2015    -0.368262    8.80565    1008.59
07Z01FEB2015    -0.307662    10.4605    1002.65
08Z01FEB2015    -0.438185    10.8847    999.988
09Z01FEB2015    -0.177138    10.7448    1001.15
10Z01FEB2015    -0.0372923    10.8427    1006.3
11Z01FEB2015    0.326308    10.9919    1009.59
12Z01FEB2015    0.755169    10.591    1008.5
13Z01FEB2015    0.601338    10.6982    1004.36
14Z01FEB2015    0.6666    10.6003    1002.29
15Z01FEB2015    0.745846    10.5584    1000.51
16Z01FEB2015    0.652615    10.0363    999.024
17Z01FEB2015    0.960277    9.00143    998.285
18Z01FEB2015    0.382246    7.29531    1000.9
19Z01FEB2015    0.00932308    3.41691    1000.96
20Z01FEB2015    0.289015    6.63337    1002.37
21Z01FEB2015    0.358938    6.67998    1004.05
22Z01FEB2015    -0.0839077    7.88266    1006.42
23Z01FEB2015    -0.0885692    6.53082    1006.28
00Z02FEB2015    1.36117    5.51926    1006.76
01Z02FEB2015    0.736523    4.9692    1007.34
02Z02FEB2015    -0.447508    2.08837    1006.03
03Z02FEB2015    -0.703892    1.20734    1003.69
04Z02FEB2015    -0.867046    0.452169    1001.62
05Z02FEB2015    -0.0466154    0.643292    998.533
06Z02FEB2015    1.0908    2.10702    996.886
07Z02FEB2015    1.19802    3.2724    997.551
08Z02FEB2015    1.37515    3.84111    1000.27
09Z02FEB2015    3.53811    1.82732    1002.41
10Z02FEB2015    3.84577    0.344954    1004.15
11Z02FEB2015    4.28862    0.708554    1006.23
12Z02FEB2015    4.63823    1.28192    1007.27
13Z02FEB2015    5.10438    2.28882    1006.23
14Z02FEB2015    3.80382    3.30969    1005.86
15Z02FEB2015    1.0908    6.17654    1003.98
16Z02FEB2015    0.936969    7.15546    1003.24
17Z02FEB2015    0.713215    7.83605    1003.6
18Z02FEB2015    0.316985    7.91529    1003.57
19Z02FEB2015    0.344954    7.70086    1002.55
20Z02FEB2015    0.191123    7.41651    1001.81
21Z02FEB2015    0.0186462    7.78477    1001.56
22Z02FEB2015    0.186462    6.6054    1001.77
23Z02FEB2015    0.219092    5.57986    1003.18
00Z03FEB2015    0.456831    5.31882    1003.44
01Z31JAN2015    -3.30503    -5.04378    1014.56
02Z31JAN2015    -4.10215    -6.09263    1013.48
03Z31JAN2015    -2.23754    -5.03912    1014.92
04Z31JAN2015    -2.16295    -3.17451    1011.13
05Z31JAN2015    1.3332    -1.0302    1017.94
06Z31JAN2015    -0.470815    -1.60823    1013.97
07Z31JAN2015    0.615323    -1.53365    1011.57
08Z31JAN2015    3.00203    0.391569    1013.21
09Z31JAN2015    1.85063    3.7572    1019.22
10Z31JAN2015    3.65931    2.93211    1024.99
11Z31JAN2015    4.18606    2.06506    1027.7
12Z31JAN2015    5.45866    2.27017    1029.24
13Z31JAN2015    4.77342    2.34009    1025.72
14Z31JAN2015    3.78983    3.16985    1023.09
15Z31JAN2015    1.20734    4.73146    1019.68
16Z31JAN2015    -0.149169    7.77078    1014.93
17Z31JAN2015    -0.135185    9.39766    1012.72
18Z31JAN2015    0.1818    8.41408    1006.88
19Z31JAN2015    0.135185    9.67735    1001.96
20Z31JAN2015    -0.223754    9.91043    1000.83
21Z31JAN2015    -0.144508    9.58412    1005.82
22Z31JAN2015    0.0652615    9.40232    1009.6
23Z31JAN2015    -0.638631    7.13682    1010.82
00Z01FEB2015    -0.172477    7.94326    1012.01
01Z01FEB2015    -0.843738    9.11797    1015.28
02Z01FEB2015    0.638631    8.26025    1018.43
03Z01FEB2015    -0.172477    4.02757    1021.05
04Z01FEB2015    -0.703892    2.89482    1021.97
05Z01FEB2015    -0.261046    3.40758    1021.51
06Z01FEB2015    -0.498785    3.94366    1020.67
07Z01FEB2015    -0.0372923    6.46555    1021.57
08Z01FEB2015    0.130523    8.12972    1021.87
09Z01FEB2015    0.512769    8.60986    1018.65
10Z01FEB2015    0.3636    8.92685    1016.03
11Z01FEB2015    0.0745846    10.0969    1013.82
12Z01FEB2015    0.4848    9.83585    1013.39
13Z01FEB2015    0.470815    8.87557    1012.54
14Z01FEB2015    1.02088    9.696    1011.88
15Z01FEB2015    0.456831    10.5584    1009.11
16Z01FEB2015    0.307662    10.9313    1007.23
17Z01FEB2015    0.209769    11.5326    1006.5
18Z01FEB2015    0.675923    12.6887    1007.27
19Z01FEB2015    0.1212    13.1036    1009.59
20Z01FEB2015    -0.116538    14.0359    1012.4
21Z01FEB2015    0.219092    14.3995    1013.19
22Z01FEB2015    -0.7272    13.2947    1013.2
23Z01FEB2015    -0.480138    12.9125    1013.44
00Z02FEB2015    -1.06283    10.7775    1012.91
01Z02FEB2015    -0.1818    10.5584    1011.68
02Z02FEB2015    -1.23065    7.79409    1009.83
03Z02FEB2015    0.438185    7.25802    1008.01
04Z02FEB2015    -0.153831    6.74058    1005.82
05Z02FEB2015    0.247062    5.61249    1004.06
06Z02FEB2015    0.652615    5.01115    1002.36
07Z02FEB2015    0.293677    5.49129    1000.31
08Z02FEB2015    0.517431    6.28842    998.639
09Z02FEB2015    0.792462    6.34902    998.993
10Z02FEB2015    0.857723    6.50751    1000.6
11Z02FEB2015    1.02088    6.93171    1002.02
12Z02FEB2015    1.1514    7.86402    1001.46
13Z02FEB2015    0.9696    8.76369    1000.9
14Z02FEB2015    0.801785    9.35105    999.204
15Z02FEB2015    0.330969    9.43495    998.701
16Z02FEB2015    -0.107215    9.61209    999.41
17Z02FEB2015    -0.391569    8.85692    999.584
18Z02FEB2015    -0.745846    10.1109    1000.56
19Z02FEB2015    -0.619985    11.0432    1003.39
20Z02FEB2015    -0.713215    11.2763    1004.06
21Z02FEB2015    -0.307662    11.5979    1003.84
22Z02FEB2015    -0.195785    11.803    1003.78
23Z02FEB2015    -0.419538    11.817    1003.42
00Z03FEB2015    -0.177138    10.9872    1002
01Z03FEB2015    -0.293677    9.38368    1001.07
02Z03FEB2015    -0.116538    9.17857    999.211
03Z03FEB2015    -0.442846    7.98522    998.061
04Z03FEB2015    0.633969    6.5448    996.812
05Z03FEB2015    -0.647954    1.55695    996.743
06Z03FEB2015    -0.340292    1.26328    996.743
07Z03FEB2015    2.16762    4.6056    997.358
08Z03FEB2015    2.29814    3.77118    998.384
09Z03FEB2015    1.9392    4.29794    1001.1
10Z03FEB2015    3.03932    3.51014    1003.03
11Z03FEB2015    3.76652    2.79226    1004.92
12Z03FEB2015    4.03223    2.3028    1006.05
13Z03FEB2015    3.47751    3.51014    1006.36
14Z03FEB2015    2.15363    5.25355    1005.58
15Z03FEB2015    1.76206    5.99474    1004.88
16Z03FEB2015    1.60357    6.35834    1003.47
17Z03FEB2015    1.61755    5.79429    1002.29
18Z03FEB2015    0.997569    5.18829    1002.17
19Z03FEB2015    0.806446    5.71038    1002.12
20Z03FEB2015    0.978923    3.60337    1001.76
21Z03FEB2015    0.731862    3.18849    1002.08
22Z03FEB2015    0.470815    2.17228    1001.39
23Z03FEB2015    0.769154    3.64998    1001.09
00Z04FEB2015    0.396231    1.0908    1001.84
            
            
            
            
            
            
            
            
            
            
            
            
            
            
            
            
            
            
            
            
            
            
            
            
            
            
            
            
            
            
            
            
            
            
            
            
            
            
            
            
            
            
            
            
            
            
            
            
            
            
            
            
            
            
            
            
            
            
            
            
            
            
            
            
            
            
            
            
            
            
            
            
            
            
            
            
            
            
            
            
            
            
            
            
            
            
            
            
            
            
            
            
            
            
            
            
            
            
            
            
            
            
            
            
            
            
            
            
            
            
            
            
            
            
            
            
            
            
            
            
            
            
            
            
            
            
            
            
            
            
            
            
            
            
            
            
            
            
            
            
            
            
            
            
