tyd    u    v    psl
01Z30JAN2015    6.37698    -2.58715    1009.75
02Z30JAN2015    6.99697    -4.01825    1009.81
03Z30JAN2015    5.53325    -4.98318    1007.43
04Z30JAN2015    4.16275    -5.24889    1009.55
05Z30JAN2015    5.97609    -4.51703    1011.98
06Z30JAN2015    4.16275    -6.00406    1008.35
07Z30JAN2015    5.13702    -6.61938    1009.1
08Z30JAN2015    5.66843    -6.93637    1004.05
09Z30JAN2015    8.09243    -7.54237    1000.58
10Z30JAN2015    9.48157    -7.19275    1009.78
11Z30JAN2015    7.13215    -7.82672    1018.11
12Z30JAN2015    9.23917    -10.5024    1023.31
13Z30JAN2015    7.48643    -9.37902    1023.84
14Z30JAN2015    6.74058    -8.64715    1020.23
15Z30JAN2015    10.7868    -8.14837    1009.8
16Z30JAN2015    6.75457    -0.0978923    1008.18
17Z30JAN2015    6.5448    1.42177    1004.31
18Z30JAN2015    3.25375    0.219092    996.675
19Z30JAN2015    3.55209    -1.0302    987.594
20Z30JAN2015    0.7272    -1.95318    995.102
21Z30JAN2015    -0.759831    -1.05817    1005.23
22Z30JAN2015    1.98115    -2.47062    1011.78
23Z30JAN2015    -3.34698    -1.89258    1010.04
00Z31JAN2015    2.27949    -0.9696    1008.7
01Z31JAN2015    1.98115    1.40312    1009.61
02Z31JAN2015    8.69377    1.53365    1013.97
03Z31JAN2015    6.82449    0.177138    1020.47
04Z31JAN2015    0.428862    -0.0978923    1021.65
05Z31JAN2015    0.452169    1.44974    1018.63
06Z31JAN2015    0.433523    2.27483    1017.67
07Z31JAN2015    -0.7272    2.424    1016.18
08Z31JAN2015    -1.83198    4.98785    1015.73
09Z31JAN2015    -3.06729    6.77322    1014.37
10Z31JAN2015    -3.17451    6.69863    1012.86
11Z31JAN2015    -2.97406    7.30929    1013.39
12Z31JAN2015    -2.85752    7.41651    1018.52
13Z31JAN2015    -3.55675    6.72194    1021.12
14Z31JAN2015    -3.14188    6.31172    1018.55
15Z31JAN2015    -3.06263    7.11351    1013.65
16Z31JAN2015    -3.06729    7.65425    1011.22
17Z31JAN2015    -3.52412    8.02251    1007.48
18Z31JAN2015    -3.49149    8.60986    1009.71
19Z31JAN2015    -4.08351    7.76612    1015.87
20Z31JAN2015    -3.97629    7.77078    1020.04
21Z31JAN2015    -4.11614    7.6356    1018.9
22Z31JAN2015    -4.57297    7.91995    1018.6
23Z31JAN2015    -5.19762    7.67289    1018.58
00Z01FEB2015    -5.16498    6.46089    1019.12
01Z01FEB2015    -7.06689    5.3934    1017.99
02Z01FEB2015    -5.57054    5.81294    1018.4
03Z01FEB2015    -2.71302    6.7872    1016.26
04Z01FEB2015    -5.18363    6.01805    1014.25
05Z01FEB2015    -5.93414    5.54257    1013.47
06Z01FEB2015    -5.55189    5.95278    1010.59
07Z01FEB2015    -5.67309    6.67532    1005.11
08Z01FEB2015    -5.02514    8.17168    1002.33
09Z01FEB2015    -4.86198    8.83362    1004.32
10Z01FEB2015    -5.03912    9.24383    1008.58
11Z01FEB2015    -5.50994    9.06669    1012.14
12Z01FEB2015    -5.454    8.93151    1011
13Z01FEB2015    -5.71971    9.16458    1006.79
14Z01FEB2015    -5.79429    9.36503    1004.84
15Z01FEB2015    -5.85489    8.92218    1002.73
16Z01FEB2015    -5.64512    8.30686    1001.05
17Z01FEB2015    -4.41448    7.09952    1000.17
18Z01FEB2015    -1.53365    4.24666    1000.19
19Z01FEB2015    -0.587354    4.62891    1002.14
20Z01FEB2015    -2.92745    6.40495    1004.97
21Z01FEB2015    -4.01358    6.72194    1007.31
22Z01FEB2015    -4.99251    5.64978    1008.97
23Z01FEB2015    -4.35854    4.89928    1008.49
00Z02FEB2015    -7.34192    -0.564046    1009.24
01Z02FEB2015    -5.58452    -1.68748    1008.67
02Z02FEB2015    -7.00629    -2.36806    1007
03Z02FEB2015    -7.35125    -2.61512    1004.27
04Z02FEB2015    -5.90151    -3.37962    1001.6
05Z02FEB2015    -3.39826    -2.26551    999.117
06Z02FEB2015    -2.39603    -0.596677    997.414
07Z02FEB2015    -1.79469    1.51034    998.396
08Z02FEB2015    -0.657277    -0.107215    1001.4
09Z02FEB2015    0.960277    0.871708    1003.6
10Z02FEB2015    3.18849    1.65951    1004.89
11Z02FEB2015    2.06972    2.84354    1007.12
12Z02FEB2015    0.764492    4.17208    1007.98
13Z02FEB2015    0.130523    5.14634    1008.31
14Z02FEB2015    -0.778477    6.15789    1007.37
15Z02FEB2015    -1.92522    6.67532    1005.28
16Z02FEB2015    -3.31902    6.95035    1004.35
17Z02FEB2015    -3.69194    6.33503    1004.56
18Z02FEB2015    -3.86442    6.12526    1004.89
19Z02FEB2015    -3.49149    6.06    1004.1
20Z02FEB2015    -3.26308    6.363    1003.24
21Z02FEB2015    -2.93211    5.99008    1002.7
22Z02FEB2015    -2.04642    5.09506    1003.26
23Z02FEB2015    -1.85529    5.11837    1004.16
00Z03FEB2015    -2.3028    4.88995    1004.54
01Z31JAN2015    4.04155    -4.85266    1013.05
02Z31JAN2015    5.46332    -3.37029    1012.48
03Z31JAN2015    4.82935    -2.45197    1013.49
04Z31JAN2015    2.60114    -0.330969    1011.09
05Z31JAN2015    8.12506    0.279692    1017.35
06Z31JAN2015    7.4538    1.30523    1014.08
07Z31JAN2015    8.1204    1.84597    1011.87
08Z31JAN2015    8.49332    2.8482    1014.05
09Z31JAN2015    6.3024    4.38185    1020.4
10Z31JAN2015    6.363    4.76409    1026.01
11Z31JAN2015    6.38165    3.24443    1028.72
12Z31JAN2015    7.88266    2.89948    1029.9
13Z31JAN2015    6.50751    3.30037    1026.82
14Z31JAN2015    4.50305    4.90394    1024.95
15Z31JAN2015    2.6058    5.04378    1021.26
16Z31JAN2015    0.853062    7.15546    1016.68
17Z31JAN2015    -2.40069    8.27423    1014.29
18Z31JAN2015    -3.93434    6.55412    1008.78
19Z31JAN2015    -4.81071    6.72194    1003.99
20Z31JAN2015    -6.19985    6.07398    1003.41
21Z31JAN2015    -6.29774    5.84557    1008.3
22Z31JAN2015    -6.75923    5.67309    1012.87
23Z31JAN2015    -8.59588    3.19782    1013.1
00Z01FEB2015    -8.35814    -1.19335    1013.79
01Z01FEB2015    -7.29997    -1.12809    1016.81
02Z01FEB2015    -6.94103    -0.382246    1019.32
03Z01FEB2015    -0.675923    6.72194    1022.15
04Z01FEB2015    -0.731862    8.40942    1023.13
05Z01FEB2015    -1.80402    8.39543    1022.97
06Z01FEB2015    -2.15363    7.57034    1022.54
07Z01FEB2015    -2.88083    7.46312    1023.39
08Z01FEB2015    -4.18606    6.60074    1024.21
09Z01FEB2015    -5.16965    7.31395    1020.98
10Z01FEB2015    -5.96677    8.15769    1018.47
11Z01FEB2015    -6.07865    9.01075    1016.78
12Z01FEB2015    -6.12526    9.30909    1016.1
13Z01FEB2015    -6.15789    8.38145    1014.87
14Z01FEB2015    -5.56122    8.73572    1014.15
15Z01FEB2015    -5.89685    9.67735    1011.73
16Z01FEB2015    -5.47731    9.82186    1009.94
17Z01FEB2015    -5.19295    9.8778    1010.11
18Z01FEB2015    -3.40758    10.4838    1011.55
19Z01FEB2015    -3.86442    10.041    1013.14
20Z01FEB2015    -2.24686    11.3089    1016.37
21Z01FEB2015    -1.6968    9.93374    1017.46
22Z01FEB2015    -2.91346    7.98055    1016.53
23Z01FEB2015    -7.80808    0.330969    1016.49
00Z02FEB2015    -8.55392    -0.153831    1015.71
01Z02FEB2015    -3.98095    4.76409    1014.36
02Z02FEB2015    -3.30037    2.93677    1011.64
03Z02FEB2015    -9.25782    -2.62911    1009.61
04Z02FEB2015    -8.45603    -2.92278    1007.22
05Z02FEB2015    -8.00852    -2.38671    1005.32
06Z02FEB2015    -7.65891    -1.59891    1004.09
07Z02FEB2015    -3.17451    6.60074    1001.49
08Z02FEB2015    -3.05331    6.38165    999.702
09Z02FEB2015    -4.29328    7.08554    1000.84
10Z02FEB2015    -4.7874    7.46778    1002.44
11Z02FEB2015    -4.848    8.20431    1003.6
12Z02FEB2015    -4.78274    8.5446    1003.49
13Z02FEB2015    -4.54034    8.88955    1002.17
14Z02FEB2015    -4.16275    8.71242    1000.86
15Z02FEB2015    -4.61958    8.73572    1000.37
16Z02FEB2015    -4.40982    8.47934    1001.03
17Z02FEB2015    -4.13478    8.16702    1001.48
18Z02FEB2015    -4.20005    8.26025    1003.39
19Z02FEB2015    -4.39117    8.11108    1005.03
20Z02FEB2015    -4.68951    8.47468    1006.56
21Z02FEB2015    -4.81537    7.92928    1006.13
22Z02FEB2015    -2.96008    7.9386    1006.03
23Z02FEB2015    -1.90657    8.00852    1005.42
00Z03FEB2015    -1.818    7.85935    1003.96
01Z03FEB2015    -1.14674    8.11574    1002.39
02Z03FEB2015    -1.58026    6.26511    1000.78
03Z03FEB2015    -2.22355    5.28152    998.887
04Z03FEB2015    -1.37515    3.76186    997.564
05Z03FEB2015    -1.7574    2.93677    996.948
06Z03FEB2015    -1.77605    2.01378    997.135
07Z03FEB2015    -2.30746    2.61978    997.775
08Z03FEB2015    -2.16295    3.10458    999.31
09Z03FEB2015    -2.17694    3.62668    1001.54
10Z03FEB2015    -1.76206    3.93434    1004.08
11Z03FEB2015    -1.03952    4.43312    1006.17
12Z03FEB2015    -1.05351    4.97386    1007.62
13Z03FEB2015    -1.32388    5.59851    1008.08
14Z03FEB2015    -1.62688    6.01805    1007.24
15Z03FEB2015    -2.09769    5.94812    1006.24
16Z03FEB2015    -1.90191    5.90151    1004.83
17Z03FEB2015    -2.09769    5.96677    1003.42
18Z03FEB2015    -2.34942    5.01582    1003.27
19Z03FEB2015    -1.89725    3.95765    1003.37
20Z03FEB2015    -1.85995    4.6056    1002.9
21Z03FEB2015    -1.97183    4.20005    1002.83
22Z03FEB2015    -1.2726    4.09283    1002.21
23Z03FEB2015    -1.07682    4.46575    1002.19
00Z04FEB2015    -0.741185    3.86442    1002.68
            
            
            
            
            
            
            
            
            
            
            
            
            
            
            
            
            
            
            
            
            
            
            
            
            
            
            
            
            
            
            
            
            
            
            
            
            
            
            
            
            
            
            
            
            
            
            
            
            
            
            
            
            
            
            
            
            
            
            
            
            
            
            
            
            
            
            
            
            
            
            
            
            
            
            
            
            
            
            
            
            
            
            
            
            
            
            
            
            
            
            
            
            
            
            
            
            
            
            
            
            
            
            
            
            
            
            
            
            
            
            
            
            
            
            
            
            
            
            
            
            
            
            
            
            
            
            
            
            
            
            
            
            
            
            
            
            
            
            
            
            
            
            
            
