tyd    u    v    psl
01Z30JAN2015    0.531415    -3.08128    1010.88
02Z30JAN2015    0.0932308    -1.27726    1010.9
03Z30JAN2015    0.139846    -0.978923    1008.59
04Z30JAN2015    -0.713215    -0.0978923    1010.81
05Z30JAN2015    -0.386908    -1.21666    1013.16
06Z30JAN2015    -1.10012    0.941631    1009.52
07Z30JAN2015    -1.74342    2.13032    1010.06
08Z30JAN2015    -0.638631    0.396231    1005.35
09Z30JAN2015    -0.0606    0.694569    1001.62
10Z30JAN2015    1.76672    0.950954    1011.21
11Z30JAN2015    7.22072    -5.84557    1018.41
12Z30JAN2015    6.74525    -5.18829    1024.2
13Z30JAN2015    5.53791    -3.66397    1024.52
14Z30JAN2015    4.46575    -6.39097    1021.54
15Z30JAN2015    7.38854    -5.2722    1011.41
16Z30JAN2015    4.26531    -5.78497    1008.7
17Z30JAN2015    -0.344954    0.522092    1005.18
18Z30JAN2015    1.73409    -2.11168    997.315
19Z30JAN2015    2.33077    -3.30969    988.234
20Z30JAN2015    2.47994    -1.85995    994.854
21Z30JAN2015    3.26308    -1.26794    1005.38
22Z30JAN2015    2.98805    -1.26328    1012.52
23Z30JAN2015    3.50082    -0.862385    1010.39
00Z31JAN2015    2.86685    -1.17937    1009.18
01Z31JAN2015    3.8178    -1.71078    1009.7
02Z31JAN2015    0.461492    -1.07215    1015.13
03Z31JAN2015    -0.214431    -0.936969    1021.24
04Z31JAN2015    0.610662    -0.237738    1021.9
05Z31JAN2015    0.139846    -0.480138    1018.43
06Z31JAN2015    2.76895    2.00446    1017.07
07Z31JAN2015    1.55695    2.84354    1015.56
08Z31JAN2015    1.72011    3.62202    1014.51
09Z31JAN2015    1.20268    3.97629    1013.02
10Z31JAN2015    2.10235    6.07865    1011.3
11Z31JAN2015    2.25152    6.51217    1012.01
12Z31JAN2015    2.58249    6.64269    1016.98
13Z31JAN2015    1.89725    5.64046    1019.29
14Z31JAN2015    0.941631    3.44488    1017.07
15Z31JAN2015    1.29591    -0.163154    1011.89
16Z31JAN2015    1.13275    -0.466154    1009.73
17Z31JAN2015    1.82266    1.62222    1005.52
18Z31JAN2015    1.78537    -1.08148    1008.14
19Z31JAN2015    1.86928    -0.158492    1014.53
20Z31JAN2015    1.25395    0.498785    1018.79
21Z31JAN2015    0.279692    0.573369    1017.89
22Z31JAN2015    -1.3938    0.368262    1017.05
23Z31JAN2015    -1.46838    0.867046    1016.69
00Z01FEB2015    -1.70612    4.91792    1017.61
01Z01FEB2015    -5.71505    5.01582    1016.3
02Z01FEB2015    -7.59831    6.34902    1016.76
03Z01FEB2015    -6.87577    3.64066    1014.74
04Z01FEB2015    -6.14391    4.63823    1013.09
05Z01FEB2015    -5.71038    3.92035    1011.76
06Z01FEB2015    -3.42157    2.06506    1009.03
07Z01FEB2015    -4.28862    2.13965    1003.08
08Z01FEB2015    -3.65465    2.9694    1000.48
09Z01FEB2015    -5.79429    4.07418    1002.01
10Z01FEB2015    -5.58918    4.02757    1006.46
11Z01FEB2015    -5.92482    3.9996    1009.47
12Z01FEB2015    -6.26511    4.24666    1008.25
13Z01FEB2015    -6.85246    4.30726    1004.54
14Z01FEB2015    -6.54946    4.4844    1002.54
15Z01FEB2015    -5.88286    4.33523    1000.57
16Z01FEB2015    -5.29551    4.26531    998.844
17Z01FEB2015    -4.14877    2.75031    998.707
18Z01FEB2015    -5.67309    4.68951    1000.9
19Z01FEB2015    -2.05574    0.731862    1002.37
20Z01FEB2015    -6.69863    5.25355    1002.75
21Z01FEB2015    -7.80808    5.71038    1005.11
22Z01FEB2015    -7.51906    1.89725    1006.08
23Z01FEB2015    -9.63074    1.46372    1007.28
00Z02FEB2015    -9.17391    2.34475    1007.25
01Z02FEB2015    -7.94792    4.41914    1007.34
02Z02FEB2015    -5.34212    1.92055    1005.94
03Z02FEB2015    -4.35854    0.610662    1003.26
04Z02FEB2015    -2.20491    0.0139846    1001.14
05Z02FEB2015    -0.466154    -0.396231    998.726
06Z02FEB2015    0.797123    -0.759831    996.973
07Z02FEB2015    1.92055    -0.4242    998.061
08Z02FEB2015    1.98115    0.489462    1000.75
09Z02FEB2015    3.28172    2.41468    1002.61
10Z02FEB2015    4.06952    2.61046    1004.43
11Z02FEB2015    4.29328    2.75031    1006.12
12Z02FEB2015    4.19072    2.75497    1007.08
13Z02FEB2015    3.83645    4.11148    1007.46
14Z02FEB2015    3.85975    5.81294    1006.03
15Z02FEB2015    3.38894    6.77322    1004.2
16Z02FEB2015    1.97649    5.95745    1002.93
17Z02FEB2015    1.07682    4.3632    1003.31
18Z02FEB2015    1.37982    2.07905    1003.48
19Z02FEB2015    1.4544    0.936969    1003.29
20Z02FEB2015    0.167815    -0.717877    1002.49
21Z02FEB2015    -0.7878    -1.02088    1001.89
22Z02FEB2015    -2.42866    -1.16538    1002.34
23Z02FEB2015    -2.89482    -1.67349    1003.19
00Z03FEB2015    -2.92278    -1.38914    1003.45
01Z31JAN2015    -1.40312    -1.64086    1013.76
02Z31JAN2015    0.386908    -0.708554    1013.51
03Z31JAN2015    -0.536077    1.71078    1014.12
04Z31JAN2015    0.857723    0.0372923    1011.62
05Z31JAN2015    4.03689    -2.38671    1017.42
06Z31JAN2015    4.35388    -1.18403    1013.84
07Z31JAN2015    4.20937    1.89725    1012.13
08Z31JAN2015    5.96211    4.86665    1013.81
09Z31JAN2015    5.15566    5.89685    1019.51
10Z31JAN2015    5.23957    6.60074    1025.54
11Z31JAN2015    5.02048    5.10438    1028.11
12Z31JAN2015    5.92482    5.47265    1029.52
13Z31JAN2015    4.95522    5.46332    1026.48
14Z31JAN2015    4.87131    5.89685    1023.72
15Z31JAN2015    3.69194    5.49129    1020.18
16Z31JAN2015    3.61735    8.27423    1015.49
17Z31JAN2015    1.41245    6.7266    1013.15
18Z31JAN2015    0.675923    2.37738    1007.69
19Z31JAN2015    -2.2422    0.195785    1002.23
20Z31JAN2015    -6.79652    7.3326    1001.14
21Z31JAN2015    -8.98278    6.14391    1006.3
22Z31JAN2015    -10.0363    2.99271    1010.4
23Z31JAN2015    -10.0083    1.37515    1011.41
00Z01FEB2015    -8.96414    4.63823    1012.05
01Z01FEB2015    -4.44245    -0.643292    1015.5
02Z01FEB2015    -2.27949    -1.14208    1018.17
03Z01FEB2015    -0.456831    -0.792462    1020.83
04Z01FEB2015    -2.47062    -1.48703    1021.64
05Z01FEB2015    -1.35651    1.44974    1021.62
06Z01FEB2015    -3.8178    1.71078    1021.14
07Z01FEB2015    -6.19518    0.9696    1021.88
08Z01FEB2015    -6.39097    2.3634    1022.37
09Z01FEB2015    -7.42583    2.82023    1018.91
10Z01FEB2015    -8.11574    3.43555    1016
11Z01FEB2015    -7.97589    4.13012    1014.18
12Z01FEB2015    -7.91529    3.53811    1013.7
13Z01FEB2015    -7.35125    2.41002    1012.44
14Z01FEB2015    -6.7266    3.58938    1011.87
15Z01FEB2015    -4.84334    4.25132    1009.05
16Z01FEB2015    -6.03669    6.68465    1006.66
17Z01FEB2015    -8.75903    9.52818    1006.32
18Z01FEB2015    -11.169    8.18566    1007.45
19Z01FEB2015    -12.1293    7.32328    1009.5
20Z01FEB2015    -12.9591    5.97143    1012.9
21Z01FEB2015    -12.1247    2.94609    1014.43
22Z01FEB2015    -13.0197    3.87374    1013.81
23Z01FEB2015    -12.9684    2.81091    1013.8
00Z02FEB2015    -12.5862    3.87374    1013.08
01Z02FEB2015    -11.2576    1.34252    1011.93
02Z02FEB2015    -9.02008    -1.00689    1009.99
03Z02FEB2015    -8.06446    0.633969    1008.24
04Z02FEB2015    -7.97589    1.30989    1005.64
05Z02FEB2015    -6.26977    1.88792    1003.77
06Z02FEB2015    -3.77118    -0.825092    1002.36
07Z02FEB2015    -5.71038    0.223754    1000.06
08Z02FEB2015    -7.64492    1.35185    998.222
09Z02FEB2015    -7.52372    1.20734    999.192
10Z02FEB2015    -7.48177    1.0908    1000.29
11Z02FEB2015    -6.61472    1.26794    1001.55
12Z02FEB2015    -6.05534    2.03709    1001.21
13Z02FEB2015    -4.94123    2.39603    999.863
14Z02FEB2015    -3.67795    2.37738    998.906
15Z02FEB2015    -3.29105    2.20025    998.154
16Z02FEB2015    -0.596677    1.67349    998.968
17Z02FEB2015    -1.50568    1.35185    999.441
18Z02FEB2015    -0.675923    1.16538    1001.17
19Z02FEB2015    -0.195785    2.2422    1003.46
20Z02FEB2015    -0.4848    0.862385    1004.34
21Z02FEB2015    -1.82266    4.13478    1004.02
22Z02FEB2015    -5.59851    4.75477    1004.16
23Z02FEB2015    -7.08088    5.16032    1003.87
00Z03FEB2015    -6.76855    6.56811    1002.32
01Z03FEB2015    -6.75457    7.4538    1001.16
02Z03FEB2015    -5.2722    6.06932    999.223
03Z03FEB2015    -4.47508    4.64289    997.999
04Z03FEB2015    -2.95542    1.79469    996.6
05Z03FEB2015    -2.01845    0.316985    996.134
06Z03FEB2015    -2.20491    -2.6664    996.923
07Z03FEB2015    0.0699231    -2.11634    997.209
08Z03FEB2015    2.40535    -0.615323    998.44
09Z03FEB2015    3.46818    0.4242    1000.62
10Z03FEB2015    3.50548    2.51257    1003.06
11Z03FEB2015    3.49149    3.02534    1005.23
12Z03FEB2015    3.32368    3.71991    1006.5
13Z03FEB2015    3.0906    5.61715    1006.91
14Z03FEB2015    2.52655    6.08331    1006.35
15Z03FEB2015    2.38671    5.28152    1005.02
16Z03FEB2015    1.82732    4.80138    1003.5
17Z03FEB2015    1.65485    4.41448    1002.69
18Z03FEB2015    1.20268    3.23977    1002.07
19Z03FEB2015    0.689908    1.52432    1002.62
20Z03FEB2015    0.797123    1.59891    1002.16
21Z03FEB2015    1.1514    0.839077    1002.17
22Z03FEB2015    -0.713215    -0.633969    1001.64
23Z03FEB2015    -1.01622    -1.36583    1001.51
00Z04FEB2015    -0.741185    -1.23997    1001.9
            
            
            
            
            
            
            
            
            
            
            
            
            
            
            
            
            
            
            
            
            
            
            
            
            
            
            
            
            
            
            
            
            
            
            
            
            
            
            
            
            
            
            
            
            
            
            
            
            
            
            
            
            
            
            
            
            
            
            
            
            
            
            
            
            
            
            
            
            
            
            
            
            
            
            
            
            
            
            
            
            
            
            
            
            
            
            
            
            
            
            
            
            
            
            
            
            
            
            
            
            
            
            
            
            
            
            
            
            
            
            
            
            
            
            
            
            
            
            
            
            
            
            
            
            
            
            
            
            
            
            
            
            
            
            
            
            
            
            
            
            
            
            
            
