tyd    u    v    psl
01Z30JAN2015    5.12303    -3.16985    1009.86
02Z30JAN2015    5.91083    -3.85975    1010.4
03Z30JAN2015    5.56588    -4.1208    1007.9
04Z30JAN2015    5.13702    -5.04378    1010.63
05Z30JAN2015    5.80828    -4.33989    1012.18
06Z30JAN2015    4.43312    -7.31395    1009.31
07Z30JAN2015    3.96697    -6.80118    1010.02
08Z30JAN2015    6.17188    -5.78963    1005.47
09Z30JAN2015    7.10885    -4.31658    1002.37
10Z30JAN2015    7.22538    -4.64289    1011.16
11Z30JAN2015    8.81963    -5.8782    1018.78
12Z30JAN2015    8.39543    -7.87334    1024.91
13Z30JAN2015    9.64938    -7.06223    1024.74
14Z30JAN2015    9.09932    -7.52372    1021.83
15Z30JAN2015    9.67735    -7.98522    1011.59
16Z30JAN2015    8.58655    -6.83848    1008.34
17Z30JAN2015    5.67775    -4.88995    1004.36
18Z30JAN2015    5.30949    -4.88529    996.594
19Z30JAN2015    6.56345    -6.06932    987.389
20Z30JAN2015    4.62425    -6.27909    994.319
21Z30JAN2015    4.94589    -5.6964    1004.8
22Z30JAN2015    5.22092    -6.1206    1011.77
23Z30JAN2015    8.48866    -2.98805    1010.94
00Z31JAN2015    3.48683    6.51217    1009.4
01Z31JAN2015    3.68728    7.19742    1009.75
02Z31JAN2015    5.26754    6.05534    1014.78
03Z31JAN2015    3.51014    4.75943    1020.85
04Z31JAN2015    4.43778    3.25842    1021.86
05Z31JAN2015    2.93211    4.33523    1018.53
06Z31JAN2015    0.829754    5.8176    1017.48
07Z31JAN2015    0.540738    5.74302    1015.72
08Z31JAN2015    -0.307662    6.10195    1015.34
09Z31JAN2015    0.205108    8.12972    1014
10Z31JAN2015    0.0233077    7.76612    1013.05
11Z31JAN2015    -0.619985    7.16012    1013.16
12Z31JAN2015    -1.73875    8.19965    1018.47
13Z31JAN2015    -1.67349    7.83138    1020.49
14Z31JAN2015    -0.372923    7.34192    1018.73
15Z31JAN2015    0.312323    8.6658    1013.67
16Z31JAN2015    -0.158492    8.21829    1011.31
17Z31JAN2015    -0.368262    8.81497    1007.26
18Z31JAN2015    -0.461492    9.64472    1009.72
19Z31JAN2015    -0.536077    9.87314    1015.63
20Z31JAN2015    -1.92988    8.64249    1020.1
21Z31JAN2015    -1.97649    9.32774    1019.04
22Z31JAN2015    -2.43332    10.2554    1017.99
23Z31JAN2015    -2.47528    10.647    1018.18
00Z01FEB2015    -3.54743    8.89422    1019.01
01Z01FEB2015    -4.01825    9.60277    1017.88
02Z01FEB2015    -3.58938    10.0549    1018.22
03Z01FEB2015    -4.05088    10.6283    1016.58
04Z01FEB2015    -3.74322    10.3999    1014.9
05Z01FEB2015    -4.08351    9.56082    1013.59
06Z01FEB2015    -3.28638    9.77991    1010.36
07Z01FEB2015    -3.48683    9.29045    1005.17
08Z01FEB2015    -2.80158    11.0292    1002.58
09Z01FEB2015    -3.16052    11.2203    1004.05
10Z01FEB2015    -4.50305    9.696    1008.76
11Z01FEB2015    -4.59628    8.97346    1012.22
12Z01FEB2015    -4.41448    9.80788    1010.9
13Z01FEB2015    -4.22802    9.45826    1007.07
14Z01FEB2015    -4.20471    8.6658    1004.79
15Z01FEB2015    -5.31415    8.56325    1002.92
16Z01FEB2015    -5.2722    8.49798    1001.54
17Z01FEB2015    -5.07642    8.11108    1000.89
18Z01FEB2015    -4.22335    8.70775    1001.92
19Z01FEB2015    -4.33523    9.91509    1003.41
20Z01FEB2015    -4.80605    10.5957    1005.23
21Z01FEB2015    -6.16255    11.2296    1006.95
22Z01FEB2015    -7.96657    9.80788    1008.84
23Z01FEB2015    -8.40009    10.1342    1008.65
00Z02FEB2015    -7.97589    9.13662    1008.78
01Z02FEB2015    -7.66357    8.37212    1008.79
02Z02FEB2015    -6.95035    8.44205    1007.1
03Z02FEB2015    -6.75923    7.91995    1004.79
04Z02FEB2015    -6.47022    8.00386    1003.25
05Z02FEB2015    -5.37475    8.00386    1000.98
06Z02FEB2015    -4.50771    8.00386    998.508
07Z02FEB2015    -3.23045    7.86402    998.664
08Z02FEB2015    -2.26085    7.16945    1001.47
09Z02FEB2015    -1.37515    6.54946    1003.88
10Z02FEB2015    -0.652615    6.02737    1005.42
11Z02FEB2015    -0.107215    5.62182    1007.07
12Z02FEB2015    1.41245    5.6358    1008.11
13Z02FEB2015    1.36583    5.75234    1008.48
14Z02FEB2015    0.214431    6.79652    1007.43
15Z02FEB2015    -0.480138    7.39786    1005.51
16Z02FEB2015    -0.950954    8.59588    1004.56
17Z02FEB2015    -0.909    10.0829    1004.66
18Z02FEB2015    -1.1514    9.36503    1004.62
19Z02FEB2015    -1.37049    9.41631    1004.1
20Z02FEB2015    -1.61755    8.61918    1003.25
21Z02FEB2015    -1.99514    7.77545    1002.78
22Z02FEB2015    -1.38914    7.40718    1003.17
23Z02FEB2015    -1.07215    7.0902    1004.29
00Z03FEB2015    -0.475477    6.77322    1004.57
01Z31JAN2015    7.07622    -3.51014    1012.66
02Z31JAN2015    3.40758    0.349615    1012.46
03Z31JAN2015    8.59588    3.07662    1014.14
04Z31JAN2015    6.64735    3.08128    1011.11
05Z31JAN2015    7.13682    6.03669    1017.05
06Z31JAN2015    6.40029    4.68018    1013.32
07Z31JAN2015    3.51946    4.37252    1012.18
08Z31JAN2015    4.18606    5.02048    1013.87
09Z31JAN2015    7.1508    7.82206    1020.08
10Z31JAN2015    4.37718    7.19742    1026.01
11Z31JAN2015    3.91103    5.14634    1028.37
12Z31JAN2015    4.29328    4.6662    1030.18
13Z31JAN2015    6.01805    5.92015    1026.93
14Z31JAN2015    4.98318    7.76612    1023.89
15Z31JAN2015    1.9392    6.666    1020.85
16Z31JAN2015    0.270369    7.51906    1016.32
17Z31JAN2015    1.16072    10.0782    1014.13
18Z31JAN2015    -1.60823    9.42097    1007.92
19Z31JAN2015    -2.8482    9.54217    1003.05
20Z31JAN2015    -4.83868    8.93151    1003.44
21Z31JAN2015    -5.28152    9.10398    1008.1
22Z31JAN2015    -6.91306    8.19965    1012.35
23Z31JAN2015    -7.47711    7.59365    1013.06
00Z01FEB2015    -7.15546    6.91772    1014.11
01Z01FEB2015    -6.82915    8.94083    1017.28
02Z01FEB2015    -5.15566    9.59345    1019.65
03Z01FEB2015    -5.46332    9.3324    1022.41
04Z01FEB2015    -5.35145    8.71708    1022.78
05Z01FEB2015    -6.87577    8.484    1022.98
06Z01FEB2015    -7.32794    10.2973    1022.67
07Z01FEB2015    -7.55169    9.66803    1023.56
08Z01FEB2015    -8.69377    8.97346    1023.95
09Z01FEB2015    -8.32085    9.04805    1021.4
10Z01FEB2015    -9.40698    8.63783    1018.87
11Z01FEB2015    -8.38611    8.65182    1017.01
12Z01FEB2015    -8.82895    8.86625    1016.48
13Z01FEB2015    -7.96191    9.02008    1014.79
14Z01FEB2015    -6.98298    9.62608    1014.91
15Z01FEB2015    -7.41651    9.90577    1012.21
16Z01FEB2015    -7.3326    10.4465    1009.86
17Z01FEB2015    -8.26491    10.9919    1009.64
18Z01FEB2015    -8.76835    12.0641    1011.34
19Z01FEB2015    -9.36037    12.4323    1013.23
20Z01FEB2015    -9.22052    12.6701    1016.59
21Z01FEB2015    -9.99434    13.1642    1017.3
22Z01FEB2015    -9.8172    10.1808    1016.83
23Z01FEB2015    -10.9639    9.75194    1017.04
00Z02FEB2015    -10.4512    11.6725    1016.29
01Z02FEB2015    -10.1855    9.43029    1014.82
02Z02FEB2015    -10.8148    9.4536    1012.39
03Z02FEB2015    -10.3812    10.0782    1010.6
04Z02FEB2015    -9.49089    9.9384    1008.06
05Z02FEB2015    -9.30909    10.9266    1006.54
06Z02FEB2015    -9.55149    10.6283    1004.91
07Z02FEB2015    -9.52352    10.4791    1002.55
08Z02FEB2015    -9.44894    9.58412    1000.69
09Z02FEB2015    -7.68688    9.9384    1001.27
10Z02FEB2015    -7.82206    9.70532    1003.02
11Z02FEB2015    -6.67066    9.50488    1004.44
12Z02FEB2015    -5.58918    9.80788    1004.67
13Z02FEB2015    -5.01115    9.13195    1003.17
14Z02FEB2015    -4.08351    9.43029    1001.68
15Z02FEB2015    -3.81314    8.97812    1001.3
16Z02FEB2015    -3.37962    8.03183    1001.78
17Z02FEB2015    -2.44265    9.18323    1001.79
18Z02FEB2015    -2.69437    9.393    1003.56
19Z02FEB2015    -3.28638    9.43962    1005.44
20Z02FEB2015    -3.11857    10.2134    1006.97
21Z02FEB2015    -4.07418    9.28578    1006.54
22Z02FEB2015    -4.99717    8.44671    1006.55
23Z02FEB2015    -4.82003    7.49575    1006.27
00Z03FEB2015    -4.82469    7.07155    1004.66
01Z03FEB2015    -5.02048    6.72194    1003.3
02Z03FEB2015    -4.70349    6.10195    1001.18
03Z03FEB2015    -3.82246    7.08554    999.472
04Z03FEB2015    -3.17917    6.71262    998.098
05Z03FEB2015    -3.08128    6.03203    997.893
06Z03FEB2015    -1.86462    5.96211    997.669
07Z03FEB2015    -0.899677    6.03669    998.322
08Z03FEB2015    0.261046    6.19518    999.552
09Z03FEB2015    0.783138    5.16032    1002.06
10Z03FEB2015    1.65485    4.75477    1004.2
11Z03FEB2015    1.38448    3.8178    1006.4
12Z03FEB2015    3.88772    4.94589    1007.68
13Z03FEB2015    2.19092    5.52392    1008.02
14Z03FEB2015    1.59425    6.07865    1007.2
15Z03FEB2015    2.27949    6.27909    1006.33
16Z03FEB2015    0.941631    5.37475    1004.63
17Z03FEB2015    2.01378    5.27686    1003.51
18Z03FEB2015    0.881031    5.19295    1003.11
19Z03FEB2015    0.843738    5.20694    1002.9
20Z03FEB2015    1.96717    4.62425    1002.3
21Z03FEB2015    1.31922    3.96231    1002.82
22Z03FEB2015    -0.312323    4.27463    1002.32
23Z03FEB2015    -1.00223    4.34455    1001.96
00Z04FEB2015    -1.6362    4.00892    1002.71
            
            
            
            
            
            
            
            
            
            
            
            
            
            
            
            
            
            
            
            
            
            
            
            
            
            
            
            
            
            
            
            
            
            
            
            
            
            
            
            
            
            
            
            
            
            
            
            
            
            
            
            
            
            
            
            
            
            
            
            
            
            
            
            
            
            
            
            
            
            
            
            
            
            
            
            
            
            
            
            
            
            
            
            
            
            
            
            
            
            
            
            
            
            
            
            
            
            
            
            
            
            
            
            
            
            
            
            
            
            
            
            
            
            
            
            
            
            
            
            
            
            
            
            
            
            
            
            
            
            
            
            
            
            
            
            
            
            
            
            
            
            
            
            
