tyd    u    v    psl
01Z30JAN2015    -0.806446    -0.657277    1009.68
02Z30JAN2015    1.56628    -0.452169    1009.43
03Z30JAN2015    2.28415    -1.30523    1007.1
04Z30JAN2015    -1.03952    0.997569    1008.82
05Z30JAN2015    0.480138    -0.466154    1011.39
06Z30JAN2015    -0.0699231    0.759831    1007.6
07Z30JAN2015    4.46109    -0.615323    1008.4
08Z30JAN2015    4.15343    1.07215    1003.26
09Z30JAN2015    3.60803    0.526754    999.528
10Z30JAN2015    3.34232    3.48217    1008.83
11Z30JAN2015    3.19782    3.04865    1017.2
12Z30JAN2015    5.12769    3.40292    1022.67
13Z30JAN2015    3.6966    5.54723    1023
14Z30JAN2015    4.13012    1.32854    1019.71
15Z30JAN2015    10.9639    -0.713215    1009.77
16Z30JAN2015    7.00629    1.66883    1006.88
17Z30JAN2015    1.55695    3.5148    1003.43
18Z30JAN2015    2.19092    3.29105    995.96
19Z30JAN2015    1.49635    3.89705    986.569
20Z30JAN2015    1.3332    -0.703892    993.996
21Z30JAN2015    -0.713215    -0.177138    1004.16
22Z30JAN2015    -1.11877    -1.17937    1011.16
23Z30JAN2015    -1.92522    -1.54763    1009.54
00Z31JAN2015    -1.54763    -1.1514    1008.06
01Z31JAN2015    1.47305    0.629308    1008.19
02Z31JAN2015    1.78537    0.750508    1013.8
03Z31JAN2015    4.89928    6.41894    1020.39
04Z31JAN2015    2.94609    5.08108    1021.78
05Z31JAN2015    3.27706    4.76409    1018.29
06Z31JAN2015    3.33766    5.96677    1017.19
07Z31JAN2015    3.75254    5.454    1015.6
08Z31JAN2015    4.16275    5.23491    1014.84
09Z31JAN2015    4.19538    5.17431    1013.49
10Z31JAN2015    4.34922    5.88286    1011.59
11Z31JAN2015    5.17897    6.06466    1012.42
12Z31JAN2015    5.71038    6.56345    1017.43
13Z31JAN2015    4.92258    6.20451    1019.91
14Z31JAN2015    4.3632    6.19518    1017.65
15Z31JAN2015    3.4542    6.666    1012.84
16Z31JAN2015    3.23511    5.9994    1010.66
17Z31JAN2015    2.5452    5.16965    1006.54
18Z31JAN2015    2.95075    4.9692    1009.37
19Z31JAN2015    2.65708    4.67552    1015.51
20Z31JAN2015    1.36583    5.50062    1019.48
21Z31JAN2015    0.386908    5.40272    1018.62
22Z31JAN2015    -0.988246    5.35611    1018.15
23Z31JAN2015    -1.80402    0.633969    1017.89
00Z01FEB2015    -0.0233077    0.237738    1019.08
01Z01FEB2015    -0.536077    -0.335631    1017.91
02Z01FEB2015    -0.629308    -0.699231    1018.67
03Z01FEB2015    -0.391569    -0.792462    1016.35
04Z01FEB2015    -0.452169    -0.675923    1014.49
05Z01FEB2015    -0.279692    -0.186462    1013.52
06Z01FEB2015    -0.400892    -0.731862    1010.5
07Z01FEB2015    -0.205108    -0.494123    1004.93
08Z01FEB2015    -0.536077    0.909    1001.56
09Z01FEB2015    -1.96251    5.00183    1003.18
10Z01FEB2015    -1.86928    6.09729    1007.72
11Z01FEB2015    -2.1816    5.62182    1010.77
12Z01FEB2015    -2.82489    5.90617    1009.62
13Z01FEB2015    -2.64775    5.99474    1005.62
14Z01FEB2015    -2.424    5.60783    1003.46
15Z01FEB2015    -2.93677    4.79672    1001.47
16Z01FEB2015    -2.19092    4.51703    1000.51
17Z01FEB2015    -2.65708    2.50325    999.434
18Z01FEB2015    -1.82732    3.04398    1000.85
19Z01FEB2015    0.801785    2.52655    1003.52
20Z01FEB2015    -0.689908    0.167815    1004.51
21Z01FEB2015    -2.93211    -2.53122    1007.28
22Z01FEB2015    -2.20025    -1.23065    1008.98
23Z01FEB2015    -3.36097    -2.80158    1008.99
00Z02FEB2015    -2.86218    -4.33523    1008.89
01Z02FEB2015    -2.86685    -4.16275    1008.42
02Z02FEB2015    -1.98115    -4.3026    1007.12
03Z02FEB2015    -1.36117    -4.88529    1004.61
04Z02FEB2015    -1.44974    -4.52635    1002.55
05Z02FEB2015    -0.890354    -2.68038    999.323
06Z02FEB2015    -1.95318    -2.61046    997.551
07Z02FEB2015    -1.75274    -1.90657    997.825
08Z02FEB2015    -1.04885    -1.03486    1000.13
09Z02FEB2015    -0.186462    1.08148    1002.69
10Z02FEB2015    3.96697    3.85043    1003.85
11Z02FEB2015    4.76875    4.3632    1005.59
12Z02FEB2015    5.79429    5.09972    1006.81
13Z02FEB2015    6.28842    5.74768    1007
14Z02FEB2015    6.14391    5.85489    1006.28
15Z02FEB2015    5.71971    5.64978    1004.34
16Z02FEB2015    4.242    5.53325    1003.54
17Z02FEB2015    3.01602    4.63823    1003.9
18Z02FEB2015    2.95542    3.85975    1003.86
19Z02FEB2015    2.36806    2.9694    1003.57
20Z02FEB2015    2.91812    2.97406    1002.49
21Z02FEB2015    2.98338    3.04398    1002.42
22Z02FEB2015    2.27949    2.67572    1002.76
23Z02FEB2015    0.9696    0.997569    1003.66
00Z03FEB2015    -0.0279692    -0.298338    1004.25
01Z31JAN2015    3.48217    -3.24909    1011.77
02Z31JAN2015    8.181    -6.29774    1010.84
03Z31JAN2015    6.9084    -6.74058    1011.78
04Z31JAN2015    6.19985    -2.08371    1009.9
05Z31JAN2015    5.23957    4.94123    1016.01
06Z31JAN2015    4.30726    4.22802    1012.9
07Z31JAN2015    5.64046    7.19275    1011.38
08Z31JAN2015    6.1206    7.56568    1013.49
09Z31JAN2015    8.06446    7.71018    1019.46
10Z31JAN2015    8.01785    7.56568    1025.01
11Z31JAN2015    8.15303    7.76612    1027.79
12Z31JAN2015    8.68445    7.73815    1029.16
13Z31JAN2015    6.4842    7.52838    1025.98
14Z31JAN2015    6.19052    7.31395    1023.76
15Z31JAN2015    4.80605    6.61472    1020.32
16Z31JAN2015    5.19295    7.11817    1015.94
17Z31JAN2015    3.91103    7.00163    1013.75
18Z31JAN2015    1.80868    4.6662    1008.47
19Z31JAN2015    0.843738    -0.531415    1003.69
20Z31JAN2015    -2.85752    -1.39846    1003.34
21Z31JAN2015    -0.554723    -3.03466    1008.56
22Z31JAN2015    -1.51966    -2.03709    1013.05
23Z31JAN2015    -3.17917    -3.47751    1013.77
00Z01FEB2015    -2.97406    -3.66863    1013.8
01Z01FEB2015    -2.75031    -2.37738    1017.19
02Z01FEB2015    -1.88792    -2.06972    1019.91
03Z01FEB2015    -1.54763    -2.02311    1022.55
04Z01FEB2015    -2.04642    -1.73875    1023.71
05Z01FEB2015    -2.3028    -2.19092    1023.54
06Z01FEB2015    -2.08371    -2.28415    1023.28
07Z01FEB2015    -2.11634    -1.26328    1023.96
08Z01FEB2015    -1.32854    0.335631    1024.02
09Z01FEB2015    -1.14208    0.759831    1020.99
10Z01FEB2015    -0.685246    1.93454    1017.93
11Z01FEB2015    -1.98582    3.64532    1015.64
12Z01FEB2015    -2.96474    5.53325    1015.2
13Z01FEB2015    -2.91812    5.08574    1013.9
14Z01FEB2015    -2.67106    6.24646    1013.21
15Z01FEB2015    -3.26308    7.78011    1010.61
16Z01FEB2015    -3.55675    8.36746    1008.89
17Z01FEB2015    -4.26997    7.50508    1008.88
18Z01FEB2015    -4.32591    4.76875    1010.4
19Z01FEB2015    -2.64309    3.34232    1012.7
20Z01FEB2015    2.71302    -0.540738    1016.46
21Z01FEB2015    -2.35408    -2.08371    1017.88
22Z01FEB2015    -3.85043    -3.35165    1017.23
23Z01FEB2015    -4.33057    -4.31192    1017.54
00Z02FEB2015    -4.33057    -4.99251    1016.94
01Z02FEB2015    -5.15566    -5.20228    1015.3
02Z02FEB2015    -4.29328    -5.32348    1012.79
03Z02FEB2015    -3.20248    -5.79895    1010.91
04Z02FEB2015    -2.93211    -5.88286    1008.75
05Z02FEB2015    -2.51723    -5.20228    1006.51
06Z02FEB2015    -2.86685    -4.05088    1004.77
07Z02FEB2015    -3.2118    -3.03932    1002.41
08Z02FEB2015    -1.29125    0.386908    1000.17
09Z02FEB2015    1.3332    0.890354    1000.57
10Z02FEB2015    0.7878    0.638631    1001.65
11Z02FEB2015    -0.419538    2.46595    1002.49
12Z02FEB2015    -1.9392    5.08574    1002.39
13Z02FEB2015    -1.12809    6.09263    1001.03
14Z02FEB2015    0.312323    6.3024    999.658
15Z02FEB2015    1.71545    5.77565    999.621
16Z02FEB2015    2.73166    5.26288    1000.17
17Z02FEB2015    3.21646    3.94832    1000.88
18Z02FEB2015    4.54034    3.72923    1002.88
19Z02FEB2015    4.848    3.17451    1005.32
20Z02FEB2015    0.9696    4.19072    1006.51
21Z02FEB2015    0.261046    0.442846    1005.95
22Z02FEB2015    -0.839077    -1.16072    1006.53
23Z02FEB2015    -0.825092    -2.39603    1006.37
00Z03FEB2015    -2.61978    -2.89015    1004.86
01Z03FEB2015    -3.01602    -4.4238    1003.35
02Z03FEB2015    -2.47062    -4.18606    1001.54
03Z03FEB2015    -1.86928    -3.72923    999.192
04Z03FEB2015    -2.08837    -3.41225    998.235
05Z03FEB2015    -1.17005    -2.75497    997.408
06Z03FEB2015    -1.88326    -2.20025    997.153
07Z03FEB2015    -1.17005    -1.30057    997.39
08Z03FEB2015    1.16072    1.53831    998.365
09Z03FEB2015    3.83178    3.23977    1000.75
10Z03FEB2015    5.38874    4.1814    1003.07
11Z03FEB2015    6.52615    4.85732    1005.1
12Z03FEB2015    6.73126    5.63114    1006.44
13Z03FEB2015    6.21383    6.27909    1006.89
14Z03FEB2015    5.57054    6.34902    1006.35
15Z03FEB2015    5.09506    5.83625    1005.1
16Z03FEB2015    4.84334    5.77098    1003.87
17Z03FEB2015    3.36563    5.44468    1002.75
18Z03FEB2015    1.97183    4.20005    1002.53
19Z03FEB2015    1.65485    3.35631    1002.8
20Z03FEB2015    1.72477    3.64532    1002.18
21Z03FEB2015    1.76672    3.95298    1002.4
22Z03FEB2015    1.11877    3.30037    1001.83
23Z03FEB2015    -0.428862    1.71078    1001.93
00Z04FEB2015    -1.34718    -0.186462    1002.64
            
            
            
            
            
            
            
            
            
            
            
            
            
            
            
            
            
            
            
            
            
            
            
            
            
            
            
            
            
            
            
            
            
            
            
            
            
            
            
            
            
            
            
            
            
            
            
            
            
            
            
            
            
            
            
            
            
            
            
            
            
            
            
            
            
            
            
            
            
            
            
            
            
            
            
            
            
            
            
            
            
            
            
            
            
            
            
            
            
            
            
            
            
            
            
            
            
            
            
            
            
            
            
            
            
            
            
            
            
            
            
            
            
            
            
            
            
            
            
            
            
            
            
            
            
            
            
            
            
            
            
            
            
            
            
            
            
            
            
            
            
            
            
            
