tyd    u    v    psl
01Z30JAN2015    0.960277    -3.67795    1009.77
02Z30JAN2015    0.904338    -2.99271    1009.57
03Z30JAN2015    0.815769    -3.56608    1007.83
04Z30JAN2015    2.37272    -3.27706    1009.09
05Z30JAN2015    1.19802    -4.6662    1011.73
06Z30JAN2015    2.11168    -7.04358    1008.58
07Z30JAN2015    2.10235    -5.04845    1008.86
08Z30JAN2015    3.75254    -6.20917    1003.88
09Z30JAN2015    3.49615    -6.34435    999.751
10Z30JAN2015    3.95298    -8.12972    1009.72
11Z30JAN2015    4.95988    -9.32308    1018.21
12Z30JAN2015    4.78274    -7.39786    1023.33
13Z30JAN2015    5.00183    -8.03649    1023.33
14Z30JAN2015    4.57763    -9.14594    1020.39
15Z30JAN2015    4.17208    -9.55149    1010.04
16Z30JAN2015    2.4846    -7.74282    1006.97
17Z30JAN2015    2.86685    -3.24909    1003.47
18Z30JAN2015    2.61978    -2.99737    995.183
19Z30JAN2015    2.64775    -3.16985    986.115
20Z30JAN2015    0.135185    -2.64309    992.97
21Z30JAN2015    0.452169    -5.34212    1003.89
22Z30JAN2015    2.73166    0.564046    1010.69
23Z30JAN2015    2.32611    0.829754    1009.3
00Z31JAN2015    2.1816    0.456831    1007.87
01Z31JAN2015    2.51257    0.405554    1007.42
02Z31JAN2015    1.56628    2.80625    1013.47
03Z31JAN2015    0.647954    4.32591    1019.11
04Z31JAN2015    1.28658    -0.1818    1020.37
05Z31JAN2015    -0.731862    -4.13012    1016.24
06Z31JAN2015    -2.04175    -3.20714    1014.71
07Z31JAN2015    1.10478    -3.13255    1012.87
08Z31JAN2015    1.47305    -1.70146    1011.99
09Z31JAN2015    1.43109    -1.17005    1010.15
10Z31JAN2015    2.49392    -0.983585    1008.93
11Z31JAN2015    2.64309    -1.44508    1009.57
12Z31JAN2015    2.23754    -0.806446    1014.63
13Z31JAN2015    3.04398    -2.39137    1017.19
14Z31JAN2015    2.07905    -2.87151    1014.38
15Z31JAN2015    0.918323    -0.904338    1009.43
16Z31JAN2015    0.7272    0.312323    1007
17Z31JAN2015    0.270369    -0.3636    1003.38
18Z31JAN2015    -4.56831    3.41225    1005.62
19Z31JAN2015    -4.65688    2.78294    1011.57
20Z31JAN2015    -5.90617    -1.96251    1016.18
21Z31JAN2015    -5.34678    -1.66883    1015.29
22Z31JAN2015    -5.72437    -0.694569    1014.65
23Z31JAN2015    -6.78254    -2.19092    1014.49
00Z01FEB2015    -5.98542    -2.37272    1015.74
01Z01FEB2015    -7.50508    -1.98582    1014.48
02Z01FEB2015    -6.57743    0.629308    1015.03
03Z01FEB2015    -7.54703    1.54297    1012.66
04Z01FEB2015    -7.46778    0.839077    1011.68
05Z01FEB2015    -5.81294    0.578031    1009.25
06Z01FEB2015    -4.25598    0.9696    1006.7
07Z01FEB2015    -4.27463    3.78517    1001.38
08Z01FEB2015    -5.05311    5.05777    998.751
09Z01FEB2015    -4.81071    5.44468    1000.53
10Z01FEB2015    -3.25375    3.98095    1004.44
11Z01FEB2015    -0.0559385    0.4242    1007.52
12Z01FEB2015    -0.741185    -3.44022    1006.74
13Z01FEB2015    -1.78537    -4.59162    1002.7
14Z01FEB2015    -1.85995    -1.24929    1000.9
15Z01FEB2015    -0.344954    -2.727    999.055
16Z01FEB2015    1.37515    -2.55452    997.955
17Z01FEB2015    1.90191    2.02311    997.066
18Z01FEB2015    -2.51257    -1.08148    998.403
19Z01FEB2015    -6.52149    -1.02554    1000.24
20Z01FEB2015    -5.06709    2.79692    1001.9
21Z01FEB2015    -6.44691    1.6362    1003.93
22Z01FEB2015    -7.30929    -1.22132    1005.69
23Z01FEB2015    -4.27929    0.498785    1005.81
00Z02FEB2015    -6.91306    -3.49149    1006.01
01Z02FEB2015    -7.36523    -3.30503    1006.2
02Z02FEB2015    -7.36523    -1.91123    1004.85
03Z02FEB2015    -7.85003    -2.96008    1002.24
04Z02FEB2015    -5.37475    -1.64086    999.944
05Z02FEB2015    -5.151    -0.974262    997.526
06Z02FEB2015    0.461492    -2.91346    995.811
07Z02FEB2015    2.00912    -2.35874    996.302
08Z02FEB2015    1.23065    -0.0885692    999.155
09Z02FEB2015    0.540738    1.26328    1001.04
10Z02FEB2015    1.70612    -0.195785    1003.24
11Z02FEB2015    1.5756    -0.400892    1004.43
12Z02FEB2015    1.89725    -1.62688    1005.38
13Z02FEB2015    2.4846    -1.83198    1004.71
14Z02FEB2015    1.58958    -1.86462    1004.02
15Z02FEB2015    1.30057    1.29125    1002.19
16Z02FEB2015    -0.624646    1.72943    1001.12
17Z02FEB2015    -0.386908    1.03952    1001.22
18Z02FEB2015    0.452169    -3.30503    1001.84
19Z02FEB2015    -1.37515    -3.9996    1001.19
20Z02FEB2015    -0.801785    -3.82712    1000.4
21Z02FEB2015    -1.48703    -3.31902    1000.2
22Z02FEB2015    -1.54763    -3.5148    1000.52
23Z02FEB2015    -1.59425    -3.81314    1002.05
00Z03FEB2015    -2.66174    -3.03466    1001.8
01Z31JAN2015    0.107215    0.750508    1013.3
02Z31JAN2015    1.71078    2.98805    1011.82
03Z31JAN2015    -0.382246    3.44954    1012.3
04Z31JAN2015    1.90657    0.00932308    1009.51
05Z31JAN2015    3.31435    -1.49635    1015.3
06Z31JAN2015    2.67572    -2.37272    1012.5
07Z31JAN2015    3.96697    -1.37982    1009.84
08Z31JAN2015    3.5148    -1.46838    1011.15
09Z31JAN2015    1.23531    2.46129    1017.09
10Z31JAN2015    1.97183    -1.55229    1023.45
11Z31JAN2015    1.69214    -6.6054    1026.07
12Z31JAN2015    2.20491    -5.16032    1027.12
13Z31JAN2015    1.10945    -5.24423    1023.13
14Z31JAN2015    1.76672    -1.90191    1020.64
15Z31JAN2015    2.61046    1.37515    1017.08
16Z31JAN2015    2.43332    3.65465    1012.64
17Z31JAN2015    -2.63843    2.09769    1009.98
18Z31JAN2015    -5.56588    1.65485    1004.58
19Z31JAN2015    -5.73369    -0.0978923    1000.7
20Z31JAN2015    -7.35591    -2.50325    999.366
21Z31JAN2015    -5.19762    -0.214431    1004.77
22Z31JAN2015    -5.42137    -0.270369    1008.87
23Z31JAN2015    -5.13235    -0.480138    1009.98
00Z01FEB2015    -7.22538    -0.946292    1010.36
01Z01FEB2015    -5.89218    -0.289015    1013.54
02Z01FEB2015    -2.32611    -3.36097    1016.5
03Z01FEB2015    -0.885692    -4.45643    1019.64
04Z01FEB2015    -0.205108    -4.68951    1019.95
05Z01FEB2015    -5.07642    -1.59891    1019.56
06Z01FEB2015    -4.92725    3.60337    1018.48
07Z01FEB2015    -4.74545    3.32368    1019.47
08Z01FEB2015    -4.97852    3.99494    1020.31
09Z01FEB2015    -4.66154    4.76875    1016.75
10Z01FEB2015    -4.23268    5.70106    1014.3
11Z01FEB2015    -3.30969    4.88063    1012.06
12Z01FEB2015    -1.60357    0.200446    1012.21
13Z01FEB2015    0.494123    1.26794    1010.77
14Z01FEB2015    0.522092    1.47305    1010.44
15Z01FEB2015    -1.09546    3.96231    1007.23
16Z01FEB2015    -2.91346    3.12323    1005.16
17Z01FEB2015    -4.97386    4.26065    1004.74
18Z01FEB2015    -4.45177    0.177138    1006.32
19Z01FEB2015    -6.29774    0.592015    1008
20Z01FEB2015    -8.41408    -1.39846    1011.21
21Z01FEB2015    -8.30686    -1.74342    1012.9
22Z01FEB2015    -6.65202    -1.33786    1012.48
23Z01FEB2015    -7.21606    -1.73409    1012.24
00Z02FEB2015    -5.88752    -0.783138    1012.48
01Z02FEB2015    -5.44002    -0.867046    1011.05
02Z02FEB2015    -6.08331    -1.71078    1008.98
03Z02FEB2015    -5.41205    -1.00223    1007.01
04Z02FEB2015    -6.01338    0.736523    1004.29
05Z02FEB2015    -6.33969    -0.0372923    1002.81
06Z02FEB2015    -3.90171    2.21423    1001.24
07Z02FEB2015    -4.13478    3.59405    998.465
08Z02FEB2015    -3.36097    3.96697    996.482
09Z02FEB2015    -2.89015    4.95055    997.178
10Z02FEB2015    -1.8786    -0.433523    999.204
11Z02FEB2015    -1.94386    -0.456831    1000.45
12Z02FEB2015    0.00466154    -0.233077    1000.48
13Z02FEB2015    0.708554    2.26085    998.695
14Z02FEB2015    0.214431    -0.144508    997.01
15Z02FEB2015    -0.778477    -1.0908    996.277
16Z02FEB2015    -1.23531    -1.14674    997.327
17Z02FEB2015    -1.3938    -1.17937    997.588
18Z02FEB2015    -2.6664    -1.10478    999.82
19Z02FEB2015    -2.93677    0.633969    1001.65
20Z02FEB2015    -5.37009    0.829754    1002.98
21Z02FEB2015    -4.89928    -3.30037    1002.4
22Z02FEB2015    -5.37009    -1.76672    1002.56
23Z02FEB2015    -6.71728    -3.82712    1002.08
00Z03FEB2015    -7.17411    -3.28172    1001.22
01Z03FEB2015    -6.39563    -3.68262    999.733
02Z03FEB2015    -6.57277    -4.69883    997.974
03Z03FEB2015    -4.32125    -3.8178    996.669
04Z03FEB2015    -3.91569    -3.42623    995.581
05Z03FEB2015    -0.452169    -4.07418    995.444
06Z03FEB2015    1.83665    -4.13945    994.872
07Z03FEB2015    2.61512    -3.71991    995.189
08Z03FEB2015    3.23977    -2.45663    996.252
09Z03FEB2015    3.04865    -3.05797    999.26
10Z03FEB2015    2.9694    -5.04378    1001.42
11Z03FEB2015    3.0906    -5.17431    1003.05
12Z03FEB2015    2.58249    -2.45663    1004.26
13Z03FEB2015    3.03466    -2.35874    1003.8
14Z03FEB2015    1.22598    0.167815    1003.12
15Z03FEB2015    1.78071    -2.02311    1001.94
16Z03FEB2015    1.64552    0.456831    1001.72
17Z03FEB2015    0.661938    0.0839077    1000.01
18Z03FEB2015    0.498785    -1.71545    1000.81
19Z03FEB2015    0.144508    -3.36563    1000.63
20Z03FEB2015    -0.871708    -2.20957    1000.46
21Z03FEB2015    -1.9392    -3.92502    1000.99
22Z03FEB2015    -2.6058    -3.66863    999.41
23Z03FEB2015    -3.11391    -3.71525    999.615
00Z04FEB2015    -6.33969    -1.97183    999.465
            
            
            
            
            
            
            
            
            
            
            
            
            
            
            
            
            
            
            
            
            
            
            
            
            
            
            
            
            
            
            
            
            
            
            
            
            
            
            
            
            
            
            
            
            
            
            
            
            
            
            
            
            
            
            
            
            
            
            
            
            
            
            
            
            
            
            
            
            
            
            
            
            
            
            
            
            
            
            
            
            
            
            
            
            
            
            
            
            
            
            
            
            
            
            
            
            
            
            
            
            
            
            
            
            
            
            
            
            
            
            
            
            
            
            
            
            
            
            
            
            
            
            
            
            
            
            
            
            
            
            
            
            
            
            
            
            
            
            
            
            
            
            
            
