tyd    u    v    psl
01Z30JAN2015    3.19315    -4.88063    1010.96
02Z30JAN2015    2.37738    -5.62182    1011.06
03Z30JAN2015    2.12566    -5.36543    1009.29
04Z30JAN2015    2.45663    -5.53325    1011.03
05Z30JAN2015    3.25375    -5.48197    1013.54
06Z30JAN2015    2.84354    -5.25822    1010.23
07Z30JAN2015    3.53811    -4.04622    1010.97
08Z30JAN2015    4.77808    -3.72457    1006.07
09Z30JAN2015    4.88995    -2.92278    1002.36
10Z30JAN2015    5.67775    -3.333    1011.89
11Z30JAN2015    7.29997    -4.31658    1020.24
12Z30JAN2015    7.92462    -5.64978    1024.96
13Z30JAN2015    8.37678    -4.14411    1025.31
14Z30JAN2015    8.10642    -4.32125    1022.33
15Z30JAN2015    6.97832    -3.48683    1012.36
16Z30JAN2015    5.04378    -3.48683    1008.93
17Z30JAN2015    4.21403    -4.42846    1004.8
18Z30JAN2015    2.73166    -2.86685    997.315
19Z30JAN2015    0.922985    -4.00892    988.185
20Z30JAN2015    2.35874    -4.46575    995.183
21Z30JAN2015    3.31902    -4.20937    1005.58
22Z30JAN2015    2.08837    -4.91326    1012.28
23Z30JAN2015    1.11411    -4.20005    1010.65
00Z31JAN2015    1.91123    -3.71525    1009.26
01Z31JAN2015    3.16985    -4.55432    1009.57
02Z31JAN2015    4.64289    -4.545    1014.89
03Z31JAN2015    5.01582    -3.2118    1021.46
04Z31JAN2015    0.489462    -0.988246    1022
05Z31JAN2015    1.04885    -0.335631    1018.02
06Z31JAN2015    0.4848    1.54763    1016.96
07Z31JAN2015    -1.27726    4.32591    1015.23
08Z31JAN2015    -1.07682    4.05088    1014.71
09Z31JAN2015    -1.80868    7.16478    1013.16
10Z31JAN2015    -0.624646    7.85469    1011.71
11Z31JAN2015    -0.815769    8.03183    1012.34
12Z31JAN2015    -0.741185    8.51197    1017.55
13Z31JAN2015    -1.3332    7.7568    1019.94
14Z31JAN2015    -1.06283    7.13215    1017.21
15Z31JAN2015    -0.829754    7.878    1012.53
16Z31JAN2015    -0.904338    8.53062    1009.78
17Z31JAN2015    -1.51966    8.93617    1005.7
18Z31JAN2015    -0.876369    9.15992    1008.57
19Z31JAN2015    -0.964938    10.5724    1014.49
20Z31JAN2015    -0.955615    11.789    1018.61
21Z31JAN2015    -0.0652615    10.4372    1017.9
22Z31JAN2015    -0.904338    11.2157    1017.08
23Z31JAN2015    -0.372923    11.3462    1017
00Z01FEB2015    -0.703892    11.4021    1017.88
01Z01FEB2015    -0.330969    10.9127    1016.44
02Z01FEB2015    -0.508108    11.4114    1017.26
03Z01FEB2015    -0.0326308    11.2203    1014.99
04Z01FEB2015    0.228415    10.5537    1013.11
05Z01FEB2015    0.111877    10.2228    1011.89
06Z01FEB2015    0.0512769    10.1016    1009
07Z01FEB2015    -0.592015    10.6563    1003.31
08Z01FEB2015    -1.35651    10.5817    1000.86
09Z01FEB2015    -1.11877    10.5258    1002.39
10Z01FEB2015    -1.22132    10.7542    1007.14
11Z01FEB2015    -1.08148    11.225    1010.32
12Z01FEB2015    -0.694569    11.2902    1009.31
13Z01FEB2015    -0.629308    10.8567    1005.16
14Z01FEB2015    -0.750508    10.8567    1002.61
15Z01FEB2015    -0.480138    10.3952    1001.4
16Z01FEB2015    0.0839077    9.51886    999.739
17Z01FEB2015    0.503446    8.85226    999.36
18Z01FEB2015    0.927646    7.64492    999.963
19Z01FEB2015    0.540738    7.9992    1002.12
20Z01FEB2015    1.24929    7.77545    1002.83
21Z01FEB2015    1.33786    8.91752    1005.33
22Z01FEB2015    1.74342    8.42806    1006.28
23Z01FEB2015    1.31922    8.34882    1006.6
00Z02FEB2015    1.60357    8.06912    1007.48
01Z02FEB2015    1.76206    7.10418    1007.02
02Z02FEB2015    0.755169    6.55878    1006.08
03Z02FEB2015    1.20268    4.97852    1003.64
04Z02FEB2015    2.34009    5.06709    1001.72
05Z02FEB2015    1.24463    4.09749    998.689
06Z02FEB2015    0.284354    4.42846    996.954
07Z02FEB2015    -0.1212    4.52169    997.582
08Z02FEB2015    0.237738    2.79692    1000.19
09Z02FEB2015    2.06972    0.167815    1002.49
10Z02FEB2015    2.27949    -0.792462    1004.44
11Z02FEB2015    2.48926    -0.177138    1005.82
12Z02FEB2015    0.909    2.92745    1006.91
13Z02FEB2015    0.275031    5.50994    1006.76
14Z02FEB2015    -0.713215    6.41428    1006.28
15Z02FEB2015    -1.18403    6.969    1004.39
16Z02FEB2015    -1.04885    7.54703    1003.72
17Z02FEB2015    -0.867046    7.57034    1003.96
18Z02FEB2015    -0.377585    7.32794    1003.88
19Z02FEB2015    -0.303    7.73349    1003.26
20Z02FEB2015    -0.125862    8.05048    1002.45
21Z02FEB2015    0.0186462    7.63094    1002.18
22Z02FEB2015    -0.0512769    6.82915    1002.65
23Z02FEB2015    0.0652615    6.39097    1003.51
00Z03FEB2015    0.447508    6.11594    1003.64
01Z31JAN2015    0.0885692    -8.32085    1014.07
02Z31JAN2015    1.03952    -9.28112    1012.95
03Z31JAN2015    2.87617    -6.03669    1014.71
04Z31JAN2015    2.74565    -5.67309    1011.13
05Z31JAN2015    2.67572    -2.08837    1017.72
06Z31JAN2015    1.05351    -2.63377    1013.89
07Z31JAN2015    1.04885    -1.07682    1011.59
08Z31JAN2015    -0.890354    2.15829    1013.21
09Z31JAN2015    -0.289015    3.26774    1019.52
10Z31JAN2015    0.950954    4.83868    1024.92
11Z31JAN2015    0.773815    3.44488    1027.55
12Z31JAN2015    2.121    3.86908    1029.04
13Z31JAN2015    0.139846    4.02757    1025.78
14Z31JAN2015    -0.862385    6.45623    1023.5
15Z31JAN2015    -1.24463    6.58675    1019.95
16Z31JAN2015    -0.372923    8.75903    1015.15
17Z31JAN2015    -0.983585    9.49555    1013.07
18Z31JAN2015    -1.14208    7.36057    1007.26
19Z31JAN2015    -1.07682    7.74282    1002.54
20Z31JAN2015    -0.470815    7.93394    1001.5
21Z31JAN2015    0.00932308    8.67046    1006.42
22Z31JAN2015    -0.270369    9.40232    1010.59
23Z31JAN2015    0.540738    8.15769    1011.44
00Z01FEB2015    1.49635    7.84537    1012.82
01Z01FEB2015    2.13965    6.80585    1015.75
02Z01FEB2015    1.20268    7.53771    1018.58
03Z01FEB2015    2.34475    10.6936    1020.98
04Z01FEB2015    0.0792462    10.1668    1022.29
05Z01FEB2015    -0.657277    10.8334    1021.64
06Z01FEB2015    -0.386908    7.01095    1020.9
07Z01FEB2015    -0.102554    8.63783    1021.92
08Z01FEB2015    -0.433523    10.0176    1022.46
09Z01FEB2015    -0.6666    10.2134    1018.91
10Z01FEB2015    -0.811108    10.1668    1016.64
11Z01FEB2015    -0.489462    10.6423    1014.44
12Z01FEB2015    -0.233077    11.0478    1014.25
13Z01FEB2015    0.149169    10.3533    1012.91
14Z01FEB2015    0.708554    10.3253    1012.83
15Z01FEB2015    0.0978923    10.344    1009.83
16Z01FEB2015    -0.0466154    10.5397    1008.15
17Z01FEB2015    -0.107215    11.3182    1007.37
18Z01FEB2015    -0.111877    11.8962    1008.58
19Z01FEB2015    0.167815    13.2434    1010.56
20Z01FEB2015    0.550062    14.3529    1013.72
21Z01FEB2015    0.629308    14.7584    1014.33
22Z01FEB2015    0.382246    13.9613    1014.32
23Z01FEB2015    0.633969    12.5069    1014.51
00Z02FEB2015    1.86928    10.9779    1013.9
01Z02FEB2015    1.55695    9.43962    1012.45
02Z02FEB2015    1.66417    7.53305    1010.25
03Z02FEB2015    1.04418    7.32328    1008.55
04Z02FEB2015    3.10925    6.77788    1006.17
05Z02FEB2015    2.34009    6.44691    1004.05
06Z02FEB2015    2.1816    7.13682    1002.97
07Z02FEB2015    1.40312    7.75214    1000.53
08Z02FEB2015    1.48237    7.80342    999.323
09Z02FEB2015    1.35185    7.84537    999.341
10Z02FEB2015    1.23531    8.46535    1001.16
11Z02FEB2015    0.512769    8.54926    1002.36
12Z02FEB2015    0.554723    9.0294    1002.28
13Z02FEB2015    0.0233077    9.22052    1001.65
14Z02FEB2015    -0.149169    8.77768    999.901
15Z02FEB2015    -0.396231    8.42806    999.434
16Z02FEB2015    -0.279692    8.53528    1000.34
17Z02FEB2015    -1.23065    8.87091    1000.21
18Z02FEB2015    -1.29591    8.88023    1001.62
19Z02FEB2015    -1.19335    9.07135    1004.2
20Z02FEB2015    -0.619985    9.08068    1005.27
21Z02FEB2015    0.0745846    9.12729    1004.91
22Z02FEB2015    0.498785    8.82429    1004.87
23Z02FEB2015    0.606    8.64715    1004.43
00Z03FEB2015    0.503446    8.95948    1003.39
01Z03FEB2015    0.494123    8.69843    1002.01
02Z03FEB2015    1.05351    7.16478    999.695
03Z03FEB2015    0.927646    7.21606    998.334
04Z03FEB2015    0.820431    6.54014    997.483
05Z03FEB2015    0.307662    5.58452    996.83
06Z03FEB2015    0.974262    5.05311    997.041
07Z03FEB2015    0.316985    4.63823    997.371
08Z03FEB2015    -0.284354    5.26754    998.633
09Z03FEB2015    -0.172477    5.36543    1001.3
10Z03FEB2015    0.433523    4.81537    1003.57
11Z03FEB2015    0.163154    4.61026    1005.1
12Z03FEB2015    0.0279692    5.17897    1006.22
13Z03FEB2015    -0.438185    5.96677    1006.74
14Z03FEB2015    -0.820431    6.13925    1005.97
15Z03FEB2015    -0.475477    6.59608    1005.21
16Z03FEB2015    -0.578031    6.98298    1003.88
17Z03FEB2015    -1.0908    6.68465    1002.63
18Z03FEB2015    -0.997569    6.14857    1002.57
19Z03FEB2015    -0.699231    5.64978    1002.36
20Z03FEB2015    -0.466154    5.22558    1001.92
21Z03FEB2015    0.5454    4.74078    1002.14
22Z03FEB2015    0.564046    4.68951    1001.62
23Z03FEB2015    -0.233077    5.41671    1001.2
00Z04FEB2015    0.0139846    5.04845    1002.09
            
            
            
            
            
            
            
            
            
            
            
            
            
            
            
            
            
            
            
            
            
            
            
            
            
            
            
            
            
            
            
            
            
            
            
            
            
            
            
            
            
            
            
            
            
            
            
            
            
            
            
            
            
            
            
            
            
            
            
            
            
            
            
            
            
            
            
            
            
            
            
            
            
            
            
            
            
            
            
            
            
            
            
            
            
            
            
            
            
            
            
            
            
            
            
            
            
            
            
            
            
            
            
            
            
            
            
            
            
            
            
            
            
            
            
            
            
            
            
            
            
            
            
            
            
            
            
            
            
            
            
            
            
            
            
            
            
            
            
            
            
            
            
            
