tyd    u    v    psl
01Z30JAN2015    6.87577    -4.54034    1009.86
02Z30JAN2015    6.38165    -5.37009    1009.89
03Z30JAN2015    6.47488    -9.66337    1007.68
04Z30JAN2015    7.04358    -9.89178    1009.99
05Z30JAN2015    6.68931    -7.16945    1012.33
06Z30JAN2015    6.37232    -9.84517    1008.98
07Z30JAN2015    6.33969    -8.99211    1009.66
08Z30JAN2015    6.29774    -8.2416    1004.72
09Z30JAN2015    5.10905    -2.26085    1001.62
10Z30JAN2015    9.82652    -1.44042    1010.67
11Z30JAN2015    14.7631    -5.65911    1018.43
12Z30JAN2015    13.1502    -5.3934    1023.74
13Z30JAN2015    15.9425    -5.64046    1024.08
14Z30JAN2015    15.0195    -4.90394    1020.98
15Z30JAN2015    13.1036    -3.64066    1011.1
16Z30JAN2015    11.9615    -4.80605    1008.43
17Z30JAN2015    8.98278    -0.7272    1004.48
18Z30JAN2015    11.4301    -4.12546    996.55
19Z30JAN2015    10.4652    -4.17208    986.96
20Z30JAN2015    7.85935    -6.5448    994.077
21Z30JAN2015    6.05534    -5.91083    1004.65
22Z30JAN2015    2.98338    -6.00406    1011.62
23Z30JAN2015    4.34455    -6.64269    1010.19
00Z31JAN2015    9.22052    -3.26774    1008.63
01Z31JAN2015    6.92238    -2.23288    1008.91
02Z31JAN2015    4.79672    4.42846    1014.33
03Z31JAN2015    6.50751    4.59628    1020.9
04Z31JAN2015    4.26531    2.22355    1021.53
05Z31JAN2015    4.46109    3.22578    1018.53
06Z31JAN2015    4.86198    5.82226    1017.47
07Z31JAN2015    2.07905    6.71262    1016.07
08Z31JAN2015    -0.825092    6.79652    1015.47
09Z31JAN2015    -1.04418    6.58675    1014.23
10Z31JAN2015    -0.992908    6.77788    1012.75
11Z31JAN2015    -0.899677    5.55189    1013.43
12Z31JAN2015    -0.275031    6.94103    1018.31
13Z31JAN2015    -1.06749    5.53791    1020.55
14Z31JAN2015    -1.60823    7.41651    1018.43
15Z31JAN2015    -1.44974    7.04825    1013.65
16Z31JAN2015    -1.58958    7.61695    1011.52
17Z31JAN2015    -2.51723    6.44691    1007.12
18Z31JAN2015    -2.31212    8.16702    1009.53
19Z31JAN2015    -1.66883    9.33706    1015.26
20Z31JAN2015    -2.14431    8.55858    1019.97
21Z31JAN2015    -2.10702    8.10642    1018.84
22Z31JAN2015    -3.333    8.79632    1018.34
23Z31JAN2015    -4.76875    8.6658    1018.34
00Z01FEB2015    -4.4844    8.52129    1018.6
01Z01FEB2015    -5.24889    8.44671    1017.74
02Z01FEB2015    -5.89218    7.48643    1018.2
03Z01FEB2015    -6.88975    7.22538    1015.82
04Z01FEB2015    -7.15546    5.42603    1014.39
05Z01FEB2015    -6.47954    5.67775    1013.06
06Z01FEB2015    -6.26511    6.77788    1010.68
07Z01FEB2015    -6.81517    7.15546    1004.85
08Z01FEB2015    -6.17188    7.66823    1002.01
09Z01FEB2015    -5.29551    7.38854    1003.95
10Z01FEB2015    -6.60074    7.47245    1008.9
11Z01FEB2015    -7.24869    7.42583    1012.32
12Z01FEB2015    -6.82449    7.58432    1010.98
13Z01FEB2015    -6.97832    7.60297    1006.74
14Z01FEB2015    -6.81517    8.43272    1004.57
15Z01FEB2015    -6.91772    8.29754    1002.31
16Z01FEB2015    -7.10885    7.89665    1001.1
17Z01FEB2015    -6.50751    7.52372    1000.09
18Z01FEB2015    -6.27909    7.56568    1001.56
19Z01FEB2015    -5.66377    8.9688    1002.89
20Z01FEB2015    -6.70329    8.89422    1004.77
21Z01FEB2015    -7.575    7.40252    1006.69
22Z01FEB2015    -7.84537    7.09486    1008.07
23Z01FEB2015    -8.72174    6.81051    1008.06
00Z02FEB2015    -8.94549    5.67775    1008.93
01Z02FEB2015    -8.38611    4.95055    1008.23
02Z02FEB2015    -7.48643    3.26774    1006.93
03Z02FEB2015    -5.63114    1.68748    1004.03
04Z02FEB2015    -4.75477    1.56628    1001.86
05Z02FEB2015    -5.30949    0.913662    1000.17
06Z02FEB2015    -3.5754    2.48926    997.837
07Z02FEB2015    -0.386908    1.87394    996.631
08Z02FEB2015    -0.582692    3.00669    1000.85
09Z02FEB2015    -1.98115    4.26531    1003.98
10Z02FEB2015    -0.853062    4.74078    1004.69
11Z02FEB2015    0.237738    4.62425    1006.66
12Z02FEB2015    0.610662    4.97386    1007.9
13Z02FEB2015    1.56628    5.12303    1007.77
14Z02FEB2015    0.783138    5.96677    1007.15
15Z02FEB2015    -0.372923    6.41894    1005.1
16Z02FEB2015    -0.829754    6.88509    1004.26
17Z02FEB2015    -1.61755    6.6054    1004.5
18Z02FEB2015    -1.17937    6.88975    1004.28
19Z02FEB2015    -0.946292    7.77545    1003.42
20Z02FEB2015    -0.857723    8.21363    1002.96
21Z02FEB2015    -1.212    7.59365    1002.42
22Z02FEB2015    -1.86462    6.77322    1002.73
23Z02FEB2015    -1.62688    6.41428    1003.84
00Z03FEB2015    -1.79469    6.11128    1004.26
01Z31JAN2015    10.3533    -7.78011    1012.54
02Z31JAN2015    5.80828    -9.97103    1012.34
03Z31JAN2015    8.59588    -8.19498    1013.47
04Z31JAN2015    8.62385    -3.37962    1010.73
05Z31JAN2015    7.7568    1.93454    1016.65
06Z31JAN2015    9.5748    2.9694    1013.19
07Z31JAN2015    6.33037    5.16498    1011.82
08Z31JAN2015    9.43495    4.68018    1013.59
09Z31JAN2015    7.55635    6.55412    1019.74
10Z31JAN2015    5.67775    5.22092    1025.78
11Z31JAN2015    3.50548    3.59871    1028.49
12Z31JAN2015    6.06932    4.76409    1029.4
13Z31JAN2015    5.34678    4.44711    1026.57
14Z31JAN2015    5.16498    5.82692    1023.91
15Z31JAN2015    3.05797    4.85732    1020.66
16Z31JAN2015    2.84354    7.70552    1015.92
17Z31JAN2015    1.31455    8.73106    1014.25
18Z31JAN2015    -2.23288    8.02717    1008.23
19Z31JAN2015    -3.89238    8.22295    1003.47
20Z31JAN2015    -6.37698    6.67532    1003.15
21Z31JAN2015    -8.21363    5.50062    1008.22
22Z31JAN2015    -10.9872    4.89928    1012.37
23Z31JAN2015    -10.2927    4.25132    1013.06
00Z01FEB2015    -10.1808    2.07438    1013.91
01Z01FEB2015    -8.74505    3.77585    1016.73
02Z01FEB2015    -7.14614    4.37252    1019.58
03Z01FEB2015    -6.4236    5.5752    1022.21
04Z01FEB2015    -6.93171    5.74768    1023.02
05Z01FEB2015    -8.76369    5.37475    1023.09
06Z01FEB2015    -8.95015    5.54257    1022.87
07Z01FEB2015    -9.88712    5.13235    1023.71
08Z01FEB2015    -10.1901    4.98785    1023.87
09Z01FEB2015    -10.5537    6.88975    1021.56
10Z01FEB2015    -10.1855    7.6962    1018.67
11Z01FEB2015    -9.72863    8.10175    1016.49
12Z01FEB2015    -9.09    8.20431    1016.27
13Z01FEB2015    -9.45826    8.79632    1014.67
14Z01FEB2015    -9.43962    8.77768    1014.27
15Z01FEB2015    -9.64472    9.74728    1011.57
16Z01FEB2015    -9.66803    9.37902    1009.77
17Z01FEB2015    -10.5397    9.25315    1009.78
18Z01FEB2015    -10.8521    9.66337    1011.07
19Z01FEB2015    -11.3462    9.76592    1013.31
20Z01FEB2015    -11.6305    8.98745    1016.55
21Z01FEB2015    -12.1153    7.28598    1017.3
22Z01FEB2015    -12.8892    6.86178    1016.84
23Z01FEB2015    -13.057    4.56831    1016.84
00Z02FEB2015    -13.9846    4.26997    1016.07
01Z02FEB2015    -13.4252    4.98318    1014.68
02Z02FEB2015    -12.162    5.46332    1012.57
03Z02FEB2015    -11.528    5.70572    1010.16
04Z02FEB2015    -11.4161    5.55189    1007.89
05Z02FEB2015    -11.1504    6.06    1006.05
06Z02FEB2015    -10.7309    6.49818    1004.87
07Z02FEB2015    -10.8474    6.88509    1002.45
08Z02FEB2015    -10.8334    6.74991    1000.45
09Z02FEB2015    -9.45826    8.00852    1000.96
10Z02FEB2015    -8.49332    8.44671    1002.71
11Z02FEB2015    -7.92928    9.23451    1004.1
12Z02FEB2015    -7.54703    9.11331    1004.11
13Z02FEB2015    -6.73126    9.22985    1002.59
14Z02FEB2015    -6.19052    8.68911    1001.14
15Z02FEB2015    -5.53325    8.81031    1000.77
16Z02FEB2015    -5.20694    8.25558    1001.39
17Z02FEB2015    -4.85266    8.01318    1002.02
18Z02FEB2015    -5.17897    8.08777    1003.41
19Z02FEB2015    -5.18829    8.36746    1005.71
20Z02FEB2015    -5.47265    7.99454    1007.08
21Z02FEB2015    -5.94346    7.95725    1006.55
22Z02FEB2015    -6.83848    6.49352    1006.49
23Z02FEB2015    -7.60763    5.18363    1005.82
00Z03FEB2015    -7.53305    5.07642    1004.69
01Z03FEB2015    -7.79409    4.02757    1003.07
02Z03FEB2015    -7.85469    3.81314    1001.29
03Z03FEB2015    -8.06446    3.53345    999.074
04Z03FEB2015    -7.14148    3.21646    997.999
05Z03FEB2015    -6.27909    3.24909    997.489
06Z03FEB2015    -5.54257    3.4542    997.097
07Z03FEB2015    -4.55432    3.92035    997.856
08Z03FEB2015    -2.71302    4.6662    999.186
09Z03FEB2015    -1.4544    4.86665    1002.04
10Z03FEB2015    0.4848    4.9086    1004.06
11Z03FEB2015    1.44974    5.01582    1005.95
12Z03FEB2015    1.49169    4.88529    1007.35
13Z03FEB2015    2.5452    5.83158    1007.74
14Z03FEB2015    0.876369    5.14634    1007.1
15Z03FEB2015    0.797123    6.13925    1005.75
16Z03FEB2015    -0.0745846    5.85955    1004.51
17Z03FEB2015    0.144508    4.93657    1003.62
18Z03FEB2015    0.0932308    4.62891    1003.1
19Z03FEB2015    1.14208    4.31658    1002.83
20Z03FEB2015    0.256385    4.06486    1002.31
21Z03FEB2015    -0.344954    4.31658    1002.57
22Z03FEB2015    -1.46838    3.30037    1002.37
23Z03FEB2015    -2.20491    2.94143    1002.13
00Z04FEB2015    -2.32145    3.28172    1002.35
            
            
            
            
            
            
            
            
            
            
            
            
            
            
            
            
            
            
            
            
            
            
            
            
            
            
            
            
            
            
            
            
            
            
            
            
            
            
            
            
            
            
            
            
            
            
            
            
            
            
            
            
            
            
            
            
            
            
            
            
            
            
            
            
            
            
            
            
            
            
            
            
            
            
            
            
            
            
            
            
            
            
            
            
            
            
            
            
            
            
            
            
            
            
            
            
            
            
            
            
            
            
            
            
            
            
            
            
            
            
            
            
            
            
            
            
            
            
            
            
            
            
            
            
            
            
            
            
            
            
            
            
            
            
            
            
            
            
            
            
            
            
            
            
