tyd    u    v    psl
01Z30JAN2015    1.17005    -2.86685    1011.26
02Z30JAN2015    1.12809    -1.61755    1011.34
03Z30JAN2015    0.950954    -1.27726    1009.66
04Z30JAN2015    1.0908    -1.47771    1011.32
05Z30JAN2015    0.7878    -1.16072    1014.19
06Z30JAN2015    0.764492    -2.41002    1010.9
07Z30JAN2015    1.68282    -3.60337    1010.95
08Z30JAN2015    2.0604    -2.84354    1006.31
09Z30JAN2015    2.81091    -3.37029    1001.19
10Z30JAN2015    3.79915    -3.47751    1010.81
11Z30JAN2015    5.18829    -2.93677    1019.72
12Z30JAN2015    5.151    -2.87151    1024.63
13Z30JAN2015    5.95278    -2.11168    1024.28
14Z30JAN2015    9.00609    -4.75943    1021.73
15Z30JAN2015    5.44934    -2.03709    1012.27
16Z30JAN2015    4.55432    -1.05817    1008.66
17Z30JAN2015    2.51723    -0.382246    1005.34
18Z30JAN2015    -0.680585    1.26328    997.414
19Z30JAN2015    0.149169    -0.909    988.427
20Z30JAN2015    2.56851    -0.815769    994.835
21Z30JAN2015    1.87394    -1.20268    1005.71
22Z30JAN2015    1.2726    -0.811108    1012.89
23Z30JAN2015    0.871708    -1.83665    1011.21
00Z31JAN2015    1.10945    -1.31922    1009.48
01Z31JAN2015    1.32388    -0.759831    1009.83
02Z31JAN2015    0.312323    -1.4544    1015.3
03Z31JAN2015    -0.522092    -1.06749    1021.64
04Z31JAN2015    0.494123    -1.70146    1022.21
05Z31JAN2015    -0.881031    -0.550062    1018.19
06Z31JAN2015    0.596677    0.619985    1016.74
07Z31JAN2015    1.46838    1.74342    1015.08
08Z31JAN2015    3.02068    3.43555    1013.9
09Z31JAN2015    2.79226    5.12303    1011.83
10Z31JAN2015    3.01602    5.41205    1010.84
11Z31JAN2015    3.29105    5.6358    1011.45
12Z31JAN2015    3.79449    6.13458    1016.2
13Z31JAN2015    4.00426    5.98075    1018.75
14Z31JAN2015    3.79915    5.63114    1016.46
15Z31JAN2015    3.78051    6.69863    1011.41
16Z31JAN2015    3.24443    7.02494    1009.09
17Z31JAN2015    3.59871    7.48177    1004.59
18Z31JAN2015    2.63843    7.28132    1007.02
19Z31JAN2015    2.20491    5.96211    1013.47
20Z31JAN2015    2.02311    4.98785    1017.91
21Z31JAN2015    1.94852    4.65222    1016.89
22Z31JAN2015    1.20268    4.4844    1016.15
23Z31JAN2015    1.8786    4.13478    1016.08
00Z01FEB2015    1.47771    3.92035    1016.89
01Z01FEB2015    1.15606    4.36786    1016.17
02Z01FEB2015    -0.256385    2.81557    1016.2
03Z01FEB2015    -0.223754    -0.522092    1013.75
04Z01FEB2015    0.205108    -0.992908    1012.36
05Z01FEB2015    0.797123    -0.0466154    1011.62
06Z01FEB2015    1.56628    0.503446    1008.21
07Z01FEB2015    0.964938    0.661938    1002.96
08Z01FEB2015    2.20491    2.62445    999.963
09Z01FEB2015    2.02311    3.85509    1001.3
10Z01FEB2015    3.1512    3.73389    1005.43
11Z01FEB2015    3.24443    4.11148    1008.76
12Z01FEB2015    3.79449    4.3026    1007.41
13Z01FEB2015    4.17674    4.87597    1003.65
14Z01FEB2015    4.35388    5.33746    1001.04
15Z01FEB2015    4.29328    5.151    999.497
16Z01FEB2015    4.04155    5.34678    998.465
17Z01FEB2015    3.32368    5.04378    997.663
18Z01FEB2015    1.68748    4.13945    999.565
19Z01FEB2015    2.58249    1.61289    1002.11
20Z01FEB2015    1.57094    2.47528    1003.65
21Z01FEB2015    1.58026    1.72943    1005.08
22Z01FEB2015    2.37738    1.42177    1005.62
23Z01FEB2015    1.77605    0.890354    1006.3
00Z02FEB2015    0.890354    0.167815    1007.23
01Z02FEB2015    0.391569    -0.629308    1006.7
02Z02FEB2015    -0.354277    -1.08148    1006.08
03Z02FEB2015    -0.512769    -1.65485    1003.74
04Z02FEB2015    -0.228415    -1.56628    1001.63
05Z02FEB2015    -0.0885692    -0.992908    999.167
06Z02FEB2015    0.974262    -0.508108    997.004
07Z02FEB2015    1.68282    0.0652615    997.731
08Z02FEB2015    2.26085    0.135185    1000.55
09Z02FEB2015    2.82489    0.853062    1002.62
10Z02FEB2015    3.31435    1.515    1004.16
11Z02FEB2015    3.77585    2.21889    1004.85
12Z02FEB2015    4.20937    3.47285    1005.72
13Z02FEB2015    3.939    5.07175    1006.5
14Z02FEB2015    3.78983    6.16255    1004.9
15Z02FEB2015    3.74788    7.01095    1003.33
16Z02FEB2015    3.23511    7.44914    1002.69
17Z02FEB2015    2.85286    7.07155    1002.98
18Z02FEB2015    2.23754    5.89685    1002.98
19Z02FEB2015    1.72943    4.25132    1002.44
20Z02FEB2015    1.29125    3.49615    1001.86
21Z02FEB2015    1.41245    3.16985    1001.6
22Z02FEB2015    1.40312    2.85286    1002.23
23Z02FEB2015    1.70146    2.64309    1002.95
00Z03FEB2015    2.05108    2.22355    1003.47
01Z31JAN2015    0.0606    -4.95055    1014.55
02Z31JAN2015    -1.04885    -5.32814    1014.3
03Z31JAN2015    0.778477    -3.44022    1014.67
04Z31JAN2015    0.116538    -2.92745    1011.7
05Z31JAN2015    0.578031    -1.25862    1018.24
06Z31JAN2015    -0.00466154    -2.08371    1014.62
07Z31JAN2015    1.83665    -1.66417    1011.86
08Z31JAN2015    2.68971    -0.582692    1013.16
09Z31JAN2015    3.46818    1.90191    1018.84
10Z31JAN2015    3.31902    3.46818    1024.59
11Z31JAN2015    3.0906    4.65688    1027.5
12Z31JAN2015    4.09749    4.57763    1028.72
13Z31JAN2015    2.72234    4.40515    1025.07
14Z31JAN2015    2.76895    6.06466    1022.62
15Z31JAN2015    3.636    6.74525    1019.12
16Z31JAN2015    3.98095    8.53994    1014.27
17Z31JAN2015    3.08594    8.80565    1012.04
18Z31JAN2015    1.83198    7.17411    1006.14
19Z31JAN2015    -0.139846    4.20471    1001.73
20Z31JAN2015    1.12343    3.69194    1000.81
21Z31JAN2015    1.89725    3.52878    1005.99
22Z31JAN2015    1.212    1.75274    1010
23Z31JAN2015    1.0302    -0.205108    1010.76
00Z01FEB2015    0.643292    -1.45906    1011.89
01Z01FEB2015    -0.144508    -0.582692    1015.56
02Z01FEB2015    -0.00932308    -0.573369    1018.03
03Z01FEB2015    -0.0372923    -0.978923    1021.09
04Z01FEB2015    -0.111877    -0.638631    1021.63
05Z01FEB2015    0.326308    0.764492    1021.02
06Z01FEB2015    0.909    0.452169    1020.67
07Z01FEB2015    0.992908    0.00932308    1021.32
08Z01FEB2015    1.30057    0.0606    1021.34
09Z01FEB2015    1.58492    -0.0279692    1018.5
10Z01FEB2015    1.66417    0.214431    1015.36
11Z01FEB2015    1.79003    0.0372923    1013.26
12Z01FEB2015    3.80848    1.25395    1012.79
13Z01FEB2015    3.82246    1.65018    1011.78
14Z01FEB2015    4.51703    2.55452    1010.73
15Z01FEB2015    3.96231    4.17208    1008.32
16Z01FEB2015    3.25375    4.93657    1006.18
17Z01FEB2015    2.87617    4.55898    1005.61
18Z01FEB2015    1.28658    1.92055    1007.2
19Z01FEB2015    1.78071    2.20491    1008.57
20Z01FEB2015    1.06283    1.44974    1012.38
21Z01FEB2015    1.72477    2.00912    1013.47
22Z01FEB2015    1.70146    2.06972    1013.26
23Z01FEB2015    1.00223    2.44265    1013.15
00Z02FEB2015    -2.62445    4.76409    1013.18
01Z02FEB2015    -0.647954    2.74098    1011.93
02Z02FEB2015    1.39846    2.73632    1009.4
03Z02FEB2015    1.9392    2.67572    1007.62
04Z02FEB2015    2.6664    3.28172    1005.7
05Z02FEB2015    2.16762    1.51034    1004.1
06Z02FEB2015    1.56162    0.396231    1002.55
07Z02FEB2015    1.50568    0.0326308    999.584
08Z02FEB2015    1.54763    -0.256385    998.154
09Z02FEB2015    1.64086    0.111877    998.309
10Z02FEB2015    2.424    0.685246    1000.06
11Z02FEB2015    2.89015    1.51966    1001.02
12Z02FEB2015    3.62668    2.59182    1001.29
13Z02FEB2015    4.47508    3.73855    999.465
14Z02FEB2015    4.89462    4.25598    998.583
15Z02FEB2015    4.48906    5.22558    998.036
16Z02FEB2015    4.41914    5.68242    998.508
17Z02FEB2015    3.40758    5.70106    999.068
18Z02FEB2015    2.38671    5.07175    1000.91
19Z02FEB2015    2.00446    3.95765    1002.75
20Z02FEB2015    1.32388    3.72923    1003.86
21Z02FEB2015    2.13965    3.85509    1003.52
22Z02FEB2015    2.04642    3.85975    1004.16
23Z02FEB2015    2.43798    3.79915    1003.75
00Z03FEB2015    2.68971    3.24909    1002.64
01Z03FEB2015    2.31678    2.59648    1000.88
02Z03FEB2015    2.75963    2.121    999.49
03Z03FEB2015    1.92988    0.778477    997.607
04Z03FEB2015    0.200446    -0.624646    997.29
05Z03FEB2015    0.489462    -0.461492    996.793
06Z03FEB2015    0.983585    -0.689908    997.01
07Z03FEB2015    1.51034    -0.219092    997.47
08Z03FEB2015    1.79469    0.578031    998.353
09Z03FEB2015    3.55209    1.62688    1000.37
10Z03FEB2015    4.45643    2.3634    1002.39
11Z03FEB2015    4.51237    2.83888    1004.28
12Z03FEB2015    3.8178    4.56365    1005.45
13Z03FEB2015    3.79915    5.83625    1005.81
14Z03FEB2015    3.65465    6.60074    1004.85
15Z03FEB2015    3.83645    6.88043    1004.1
16Z03FEB2015    3.43555    7.00163    1003.24
17Z03FEB2015    3.51014    6.56811    1002.11
18Z03FEB2015    2.90414    5.39806    1001.82
19Z03FEB2015    1.88792    3.91569    1002.16
20Z03FEB2015    1.65485    3.19782    1001.77
21Z03FEB2015    1.74808    2.76895    1001.91
22Z03FEB2015    2.13965    2.39603    1000.9
23Z03FEB2015    1.87394    2.31212    1001.16
00Z04FEB2015    1.31922    1.75274    1001.78
            
            
            
            
            
            
            
            
            
            
            
            
            
            
            
            
            
            
            
            
            
            
            
            
            
            
            
            
            
            
            
            
            
            
            
            
            
            
            
            
            
            
            
            
            
            
            
            
            
            
            
            
            
            
            
            
            
            
            
            
            
            
            
            
            
            
            
            
            
            
            
            
            
            
            
            
            
            
            
            
            
            
            
            
            
            
            
            
            
            
            
            
            
            
            
            
            
            
            
            
            
            
            
            
            
            
            
            
            
            
            
            
            
            
            
            
            
            
            
            
            
            
            
            
            
            
            
            
            
            
            
            
            
            
            
            
            
            
            
            
            
            
            
            
