tyd    u    v    psl
01Z30JAN2015    4.6056    -4.75477    1010.07
02Z30JAN2015    2.53122    -7.92462    1010.27
03Z30JAN2015    2.17228    -8.01785    1008.07
04Z30JAN2015    2.46129    -8.47468    1010.51
05Z30JAN2015    1.35651    -5.78963    1012.77
06Z30JAN2015    1.9998    -8.73106    1009.37
07Z30JAN2015    2.94143    -8.04582    1009.99
08Z30JAN2015    2.62445    -7.3326    1004.92
09Z30JAN2015    3.98562    -3.90171    1001.53
10Z30JAN2015    10.8194    -2.68505    1010.66
11Z30JAN2015    12.7074    -5.23025    1018.48
12Z30JAN2015    10.1761    -5.04378    1023.92
13Z30JAN2015    12.5069    -4.39583    1024.4
14Z30JAN2015    11.7611    -5.58452    1021.34
15Z30JAN2015    11.253    -3.34698    1011.43
16Z30JAN2015    11.6352    -2.50791    1008.21
17Z30JAN2015    8.60986    -1.40778    1004.39
18Z30JAN2015    8.36746    -0.298338    996.756
19Z30JAN2015    6.48886    -2.3028    987.414
20Z30JAN2015    0.652615    -2.56385    994.711
21Z30JAN2015    1.3332    -3.42157    1005.15
22Z30JAN2015    2.24686    -6.50751    1011.8
23Z30JAN2015    -0.587354    -5.66377    1010.33
00Z31JAN2015    5.6358    -2.40069    1008.99
01Z31JAN2015    9.84051    -2.79692    1008.6
02Z31JAN2015    4.90394    3.11391    1014.83
03Z31JAN2015    4.41914    3.66397    1021.08
04Z31JAN2015    2.68038    -0.619985    1021.47
05Z31JAN2015    4.25598    2.81557    1018.63
06Z31JAN2015    4.67086    5.68242    1017.44
07Z31JAN2015    1.78071    6.53082    1015.88
08Z31JAN2015    -1.67815    6.58209    1015.29
09Z31JAN2015    -1.818    7.57966    1014.07
10Z31JAN2015    -1.31922    7.97589    1012.51
11Z31JAN2015    -1.05817    8.08777    1013.2
12Z31JAN2015    -0.699231    8.25092    1018.17
13Z31JAN2015    -2.79226    6.89908    1020.55
14Z31JAN2015    -2.11634    8.00386    1018.22
15Z31JAN2015    -1.95785    9.02008    1013.46
16Z31JAN2015    -2.1816    9.999    1011.08
17Z31JAN2015    -2.67106    9.65405    1006.91
18Z31JAN2015    -2.43332    10.2367    1009.34
19Z31JAN2015    -2.71768    10.0829    1015.13
20Z31JAN2015    -2.64775    9.88246    1019.74
21Z31JAN2015    -3.11391    9.00609    1018.61
22Z31JAN2015    -3.5754    10.1482    1018.16
23Z31JAN2015    -4.25132    11.0152    1017.93
00Z01FEB2015    -5.00183    9.54217    1018.55
01Z01FEB2015    -5.69174    9.57946    1017.65
02Z01FEB2015    -7.14614    9.2112    1017.94
03Z01FEB2015    -7.67289    8.6658    1015.92
04Z01FEB2015    -7.71485    7.90597    1014.02
05Z01FEB2015    -7.6962    7.88266    1012.92
06Z01FEB2015    -7.37455    8.50731    1010.38
07Z01FEB2015    -6.92705    7.66823    1004.75
08Z01FEB2015    -7.43515    9.09    1001.73
09Z01FEB2015    -6.99697    10.1295    1003.28
10Z01FEB2015    -6.52149    9.5142    1008.3
11Z01FEB2015    -7.32794    9.70066    1011.83
12Z01FEB2015    -6.57277    10.2414    1010.7
13Z01FEB2015    -6.78254    10.274    1006.22
14Z01FEB2015    -6.89442    9.74728    1004.48
15Z01FEB2015    -6.89442    9.62142    1002.63
16Z01FEB2015    -7.00163    9.80322    1000.69
17Z01FEB2015    -6.21849    9.50022    999.416
18Z01FEB2015    -5.04845    9.44894    1000
19Z01FEB2015    -6.65668    10.2507    1003.1
20Z01FEB2015    -7.00629    10.2134    1004.53
21Z01FEB2015    -8.11574    9.64938    1006.38
22Z01FEB2015    -9.13195    9.59811    1008.22
23Z01FEB2015    -9.28578    8.47468    1008.11
00Z02FEB2015    -9.53285    7.76612    1008.58
01Z02FEB2015    -8.84294    6.49352    1008.46
02Z02FEB2015    -7.85935    5.42137    1007.02
03Z02FEB2015    -7.62162    5.56588    1004.68
04Z02FEB2015    -7.06223    5.80362    1002.74
05Z02FEB2015    -4.50771    4.91792    999.826
06Z02FEB2015    -2.39137    2.83422    998.8
07Z02FEB2015    -1.43109    2.62445    999.378
08Z02FEB2015    0.163154    3.0906    1000.86
09Z02FEB2015    0.410215    4.29794    1002.55
10Z02FEB2015    -0.573369    4.88995    1005.25
11Z02FEB2015    -0.638631    4.68485    1007.28
12Z02FEB2015    0.806446    5.44468    1007.37
13Z02FEB2015    0.988246    6.08797    1007.97
14Z02FEB2015    0.778477    6.97832    1007.12
15Z02FEB2015    -0.5454    7.33726    1005.03
16Z02FEB2015    -1.24929    7.85935    1004.28
17Z02FEB2015    -2.32145    7.58432    1004.23
18Z02FEB2015    -1.63154    8.36746    1004.15
19Z02FEB2015    -1.85529    8.6658    1003.47
20Z02FEB2015    -1.22598    9.30909    1002.6
21Z02FEB2015    -1.60357    8.79166    1002.5
22Z02FEB2015    -2.07905    7.878    1002.66
23Z02FEB2015    -2.04175    7.67289    1003.82
00Z03FEB2015    -2.07438    7.29065    1004.05
01Z31JAN2015    6.54946    -9.91043    1012.83
02Z31JAN2015    2.20491    -10.7588    1012.6
03Z31JAN2015    4.40982    -7.31395    1013.72
04Z31JAN2015    2.82955    -5.00183    1010.86
05Z31JAN2015    7.28132    1.61289    1017.04
06Z31JAN2015    8.34415    2.42866    1013.43
07Z31JAN2015    6.4236    3.51946    1011.88
08Z31JAN2015    6.94569    4.13478    1013.91
09Z31JAN2015    5.48663    6.19518    1020.01
10Z31JAN2015    5.61715    6.75923    1025.6
11Z31JAN2015    4.23734    4.74078    1028.49
12Z31JAN2015    6.13458    5.19295    1029.8
13Z31JAN2015    5.17897    5.20228    1026.66
14Z31JAN2015    5.13235    6.53548    1024.17
15Z31JAN2015    2.07905    5.77098    1020.55
16Z31JAN2015    1.79469    7.62628    1016.43
17Z31JAN2015    0.0279692    9.53285    1013.92
18Z31JAN2015    -2.96474    8.6658    1007.68
19Z31JAN2015    -4.59628    9.01075    1003.37
20Z31JAN2015    -7.4538    8.68911    1002.7
21Z31JAN2015    -7.94792    8.40475    1007.86
22Z31JAN2015    -10.922    7.72417    1011.73
23Z31JAN2015    -10.7029    7.01095    1012.6
00Z01FEB2015    -12.1666    5.48197    1013.1
01Z01FEB2015    -10.1016    6.24646    1016.37
02Z01FEB2015    -8.74038    6.69863    1018.99
03Z01FEB2015    -8.47934    7.09486    1021.76
04Z01FEB2015    -8.63783    7.35591    1022.71
05Z01FEB2015    -10.041    7.24403    1022.7
06Z01FEB2015    -10.4558    7.97589    1022.14
07Z01FEB2015    -11.3462    7.72883    1023.08
08Z01FEB2015    -10.5164    7.97123    1023.51
09Z01FEB2015    -10.2134    9.10398    1020.82
10Z01FEB2015    -10.302    11.4254    1018.19
11Z01FEB2015    -10.3673    10.3113    1016.06
12Z01FEB2015    -9.13662    10.6842    1015.89
13Z01FEB2015    -9.2112    10.288    1014.33
14Z01FEB2015    -9.11797    10.9593    1013.86
15Z01FEB2015    -9.2112    11.6911    1011.17
16Z01FEB2015    -9.60743    11.3089    1009.29
17Z01FEB2015    -10.33    11.7657    1009.14
18Z01FEB2015    -11.3648    11.8217    1010.36
19Z01FEB2015    -12.1666    12.2832    1012.36
20Z01FEB2015    -12.437    13.2248    1015.81
21Z01FEB2015    -12.6374    11.7517    1016.69
22Z01FEB2015    -13.8261    9.01542    1016.16
23Z01FEB2015    -14.5626    9.20654    1016.07
00Z02FEB2015    -14.1571    9.53285    1015.42
01Z02FEB2015    -13.071    9.393    1013.88
02Z02FEB2015    -12.8192    8.81963    1011.64
03Z02FEB2015    -12.0687    8.27889    1009.43
04Z02FEB2015    -11.3881    7.59831    1007.46
05Z02FEB2015    -11.2203    8.25092    1005.35
06Z02FEB2015    -11.0199    8.71708    1004.25
07Z02FEB2015    -11.183    9.82652    1001.67
08Z02FEB2015    -10.7355    9.66803    999.82
09Z02FEB2015    -9.70532    10.4885    1000.44
10Z02FEB2015    -8.58655    11.1084    1002.16
11Z02FEB2015    -7.60763    11.0525    1003.55
12Z02FEB2015    -6.7266    10.9686    1003.67
13Z02FEB2015    -5.85489    11.6958    1002.26
14Z02FEB2015    -5.97143    10.7262    1000.89
15Z02FEB2015    -5.3934    10.5957    1000.42
16Z02FEB2015    -5.31882    10.3719    1001.1
17Z02FEB2015    -5.00649    9.99434    1001.49
18Z02FEB2015    -5.31882    10.0782    1002.81
19Z02FEB2015    -5.66843    10.26    1005.34
20Z02FEB2015    -5.79429    10.2367    1006.38
21Z02FEB2015    -6.17188    9.89645    1006.36
22Z02FEB2015    -7.28598    9.77525    1005.95
23Z02FEB2015    -7.89665    8.6658    1005.52
00Z03FEB2015    -8.08311    8.16702    1004.39
01Z03FEB2015    -7.97123    7.50042    1002.72
02Z03FEB2015    -8.21829    6.61472    1000.8
03Z03FEB2015    -8.12506    6.1206    998.726
04Z03FEB2015    -7.66357    6.40029    997.421
05Z03FEB2015    -7.12749    6.74991    997.029
06Z03FEB2015    -5.24889    6.26977    996.961
07Z03FEB2015    -3.80848    5.44934    997.694
08Z03FEB2015    -2.15363    6.38165    999.13
09Z03FEB2015    -1.52898    6.17654    1002.06
10Z03FEB2015    0.316985    6.31172    1004.12
11Z03FEB2015    0.792462    6.26977    1005.95
12Z03FEB2015    1.70612    5.89685    1007.36
13Z03FEB2015    1.87394    6.37698    1007.73
14Z03FEB2015    0.261046    6.31638    1006.99
15Z03FEB2015    0.582692    7.06689    1005.65
16Z03FEB2015    -0.643292    6.66134    1004.56
17Z03FEB2015    -0.503446    6.00872    1003.32
18Z03FEB2015    -0.531415    5.81294    1003
19Z03FEB2015    0.680585    5.83158    1002.71
20Z03FEB2015    0.284354    5.17431    1002.37
21Z03FEB2015    -0.349615    5.54723    1002.36
22Z03FEB2015    -1.38914    5.01115    1001.97
23Z03FEB2015    -2.90414    4.71748    1001.83
00Z04FEB2015    -2.70369    4.94123    1002.28
            
            
            
            
            
            
            
            
            
            
            
            
            
            
            
            
            
            
            
            
            
            
            
            
            
            
            
            
            
            
            
            
            
            
            
            
            
            
            
            
            
            
            
            
            
            
            
            
            
            
            
            
            
            
            
            
            
            
            
            
            
            
            
            
            
            
            
            
            
            
            
            
            
            
            
            
            
            
            
            
            
            
            
            
            
            
            
            
            
            
            
            
            
            
            
            
            
            
            
            
            
            
            
            
            
            
            
            
            
            
            
            
            
            
            
            
            
            
            
            
            
            
            
            
            
            
            
            
            
            
            
            
            
            
            
            
            
            
            
            
            
            
            
            
