tyd    u    v    psl
01Z30JAN2015    2.33543    -1.42177    1009.41
02Z30JAN2015    0.191123    -1.45906    1009.26
03Z30JAN2015    0.918323    -2.07905    1007
04Z30JAN2015    1.49169    -1.47771    1008.94
05Z30JAN2015    1.28192    -1.9392    1011.4
06Z30JAN2015    1.13742    -1.41711    1007.61
07Z30JAN2015    2.40069    -0.867046    1008.72
08Z30JAN2015    4.12546    -1.12343    1003.37
09Z30JAN2015    4.20937    -0.1818    1000.09
10Z30JAN2015    7.19742    1.39846    1009.85
11Z30JAN2015    6.54014    -1.0302    1017.97
12Z30JAN2015    1.86928    1.45906    1023.12
13Z30JAN2015    3.333    -0.517431    1023.59
14Z30JAN2015    2.45663    1.02554    1020.48
15Z30JAN2015    4.49372    -1.17937    1010.33
16Z30JAN2015    2.96008    -1.36117    1007.45
17Z30JAN2015    1.32388    1.49169    1004.28
18Z30JAN2015    6.26045    3.54277    996.078
19Z30JAN2015    4.79206    2.51257    986.674
20Z30JAN2015    0.153831    0.978923    993.934
21Z30JAN2015    0.494123    -0.550062    1004.25
22Z30JAN2015    -0.633969    -0.797123    1011.33
23Z30JAN2015    0.722538    -1.13742    1009.54
00Z31JAN2015    1.09546    0.0745846    1008.24
01Z31JAN2015    0.811108    4.01358    1008.58
02Z31JAN2015    4.75943    3.24909    1014.29
03Z31JAN2015    -0.428862    4.60094    1020.84
04Z31JAN2015    4.07885    3.56142    1021.62
05Z31JAN2015    1.22132    3.20248    1018.6
06Z31JAN2015    0.172477    4.18606    1017.74
07Z31JAN2015    1.08148    4.94123    1016.04
08Z31JAN2015    -0.368262    6.05068    1015.19
09Z31JAN2015    -0.657277    7.08088    1013.86
10Z31JAN2015    -0.829754    7.80808    1012.33
11Z31JAN2015    0.0466154    8.12972    1012.83
12Z31JAN2015    0.135185    8.34415    1017.79
13Z31JAN2015    -0.289015    7.86868    1020.65
14Z31JAN2015    -1.47771    7.97123    1017.99
15Z31JAN2015    -0.0978923    8.93617    1013.19
16Z31JAN2015    -0.671262    9.50022    1010.7
17Z31JAN2015    -1.92522    10.0922    1006.94
18Z31JAN2015    -2.53588    9.09    1009.52
19Z31JAN2015    -2.85752    8.12972    1015.39
20Z31JAN2015    -3.1512    7.53305    1019.77
21Z31JAN2015    -2.9088    7.61695    1018.8
22Z31JAN2015    -2.67106    7.4538    1018.47
23Z31JAN2015    -4.19538    3.92035    1018.36
00Z01FEB2015    -3.57074    3.05331    1019.01
01Z01FEB2015    -4.47042    3.46818    1017.97
02Z01FEB2015    -5.5146    3.97629    1018.5
03Z01FEB2015    -4.24666    3.88772    1016.28
04Z01FEB2015    -4.72214    3.35631    1014.48
05Z01FEB2015    -3.56142    1.90657    1013.64
06Z01FEB2015    -4.29328    3.11857    1010.59
07Z01FEB2015    -4.64289    5.61715    1005
08Z01FEB2015    -3.67329    6.59142    1001.95
09Z01FEB2015    -4.33523    7.63094    1003.76
10Z01FEB2015    -4.68485    8.3022    1007.96
11Z01FEB2015    -4.71282    7.83138    1011.7
12Z01FEB2015    -4.25132    8.181    1010.58
13Z01FEB2015    -4.7874    8.75903    1006.21
14Z01FEB2015    -5.38874    8.30686    1004.16
15Z01FEB2015    -4.94123    8.70309    1002.42
16Z01FEB2015    -4.52169    7.59365    1000.95
17Z01FEB2015    -3.95298    7.12283    1000.01
18Z01FEB2015    -2.42866    5.60317    1000.24
19Z01FEB2015    -0.717877    2.41468    1005.23
20Z01FEB2015    0.950954    0.293677    1004
21Z01FEB2015    -1.01622    0.843738    1007.89
22Z01FEB2015    -1.70612    1.30989    1009.07
23Z01FEB2015    -2.48926    0.918323    1008.71
00Z02FEB2015    -1.00689    1.28658    1008.89
01Z02FEB2015    -1.09546    0.867046    1008.25
02Z02FEB2015    -0.344954    -0.638631    1006.97
03Z02FEB2015    -0.405554    -2.00912    1004.71
04Z02FEB2015    -0.186462    -1.16538    1002.37
05Z02FEB2015    -0.904338    -0.470815    999.652
06Z02FEB2015    -0.452169    -0.508108    998.179
07Z02FEB2015    -1.32854    0.461492    998.763
08Z02FEB2015    -0.857723    1.94852    1000.42
09Z02FEB2015    1.35185    1.76672    1003.31
10Z02FEB2015    2.06972    2.7876    1004.98
11Z02FEB2015    1.92522    3.76186    1006.26
12Z02FEB2015    1.85529    5.14168    1007.54
13Z02FEB2015    1.4544    6.37698    1007.51
14Z02FEB2015    1.62688    7.24403    1006.63
15Z02FEB2015    0.722538    7.37922    1004.59
16Z02FEB2015    -0.275031    8.02251    1003.95
17Z02FEB2015    -0.494123    8.14371    1003.97
18Z02FEB2015    -0.303    7.02494    1004.14
19Z02FEB2015    -0.372923    6.7872    1003.55
20Z02FEB2015    -0.960277    6.41428    1002.55
21Z02FEB2015    -0.624646    5.76632    1002.42
22Z02FEB2015    -1.15606    4.43312    1002.94
23Z02FEB2015    -2.13965    2.62911    1003.98
00Z03FEB2015    -1.75274    1.82732    1004.48
01Z31JAN2015    0.7878    -2.49392    1012.29
02Z31JAN2015    -0.564046    -1.94386    1011.86
03Z31JAN2015    0.438185    -2.63843    1012.7
04Z31JAN2015    0.755169    0.871708    1010.55
05Z31JAN2015    9.64006    0.466154    1016.39
06Z31JAN2015    9.06669    3.26308    1013.33
07Z31JAN2015    8.45603    3.62668    1011.78
08Z31JAN2015    4.77808    4.09749    1014.01
09Z31JAN2015    5.22092    5.08108    1020.36
10Z31JAN2015    3.94832    5.02514    1025.8
11Z31JAN2015    3.08128    3.73855    1028.74
12Z31JAN2015    4.12546    3.97163    1029.86
13Z31JAN2015    2.53122    4.44711    1027.07
14Z31JAN2015    1.13742    4.35854    1024.69
15Z31JAN2015    0.904338    4.75011    1021.32
16Z31JAN2015    0.0419538    5.87354    1016.89
17Z31JAN2015    -0.624646    8.9688    1014.03
18Z31JAN2015    -1.56162    8.66114    1008.05
19Z31JAN2015    -3.71525    5.78963    1003.88
20Z31JAN2015    -4.96454    3.95298    1003.36
21Z31JAN2015    -5.97609    4.51703    1008.52
22Z31JAN2015    -5.151    2.24686    1013.17
23Z31JAN2015    -5.78963    1.42643    1013.53
00Z01FEB2015    -0.601338    -0.219092    1014.31
01Z01FEB2015    -0.177138    -0.689908    1017
02Z01FEB2015    -0.913662    0.568708    1019.52
03Z01FEB2015    -2.81091    1.53365    1022.43
04Z01FEB2015    -3.49149    0.773815    1023.72
05Z01FEB2015    -3.12323    1.10012    1023.84
06Z01FEB2015    -4.33523    1.88326    1023.36
07Z01FEB2015    -4.59162    1.60357    1024.19
08Z01FEB2015    -5.64512    4.47508    1024.3
09Z01FEB2015    -5.53791    4.94589    1021.6
10Z01FEB2015    -5.07175    6.08797    1018.6
11Z01FEB2015    -5.09972    7.49109    1016.32
12Z01FEB2015    -4.75011    8.28822    1016.02
13Z01FEB2015    -4.88063    8.46069    1014.65
14Z01FEB2015    -4.94123    9.07602    1013.69
15Z01FEB2015    -5.26754    9.98968    1011.21
16Z01FEB2015    -5.68708    10.027    1009.17
17Z01FEB2015    -6.67066    9.72863    1009.23
18Z01FEB2015    -7.01562    8.62851    1010.58
19Z01FEB2015    -7.58432    6.50285    1012.69
20Z01FEB2015    -7.52372    6.72194    1016.06
21Z01FEB2015    -6.58675    6.67532    1017.47
22Z01FEB2015    -5.80828    2.63377    1017.37
23Z01FEB2015    -2.11168    1.88326    1017.79
00Z02FEB2015    -1.14208    0.512769    1017.06
01Z02FEB2015    -1.5756    0.270369    1015.27
02Z02FEB2015    -0.438185    -0.0839077    1012.69
03Z02FEB2015    -0.769154    -0.354277    1010.74
04Z02FEB2015    0.377585    -1.07215    1008.37
05Z02FEB2015    -1.33786    0.932308    1006.35
06Z02FEB2015    -0.829754    0.941631    1004.79
07Z02FEB2015    -2.86685    2.63377    1002.44
08Z02FEB2015    -4.62891    3.67329    1000.29
09Z02FEB2015    -5.42137    4.67086    1000.58
10Z02FEB2015    -4.20937    6.15323    1002.07
11Z02FEB2015    -3.98562    7.27666    1003.37
12Z02FEB2015    -3.52412    8.62385    1003.11
13Z02FEB2015    -3.13255    9.36969    1001.77
14Z02FEB2015    -3.18849    9.64472    1000.25
15Z02FEB2015    -3.28638    9.98968    1000.16
16Z02FEB2015    -2.90414    9.14128    1000.71
17Z02FEB2015    -3.2118    9.00143    1001.01
18Z02FEB2015    -3.14654    8.69377    1002.65
19Z02FEB2015    -3.8178    8.88955    1005.26
20Z02FEB2015    -4.00426    8.38611    1006.38
21Z02FEB2015    -3.74788    6.81983    1006.04
22Z02FEB2015    -3.89705    6.25112    1006.39
23Z02FEB2015    -4.41914    3.26774    1006.34
00Z03FEB2015    -3.82712    1.58026    1004.77
01Z03FEB2015    -1.67349    1.07682    1003.44
02Z03FEB2015    -0.191123    -0.419538    1001.36
03Z03FEB2015    -0.829754    -0.456831    999.242
04Z03FEB2015    -0.279692    -0.4242    998.086
05Z03FEB2015    0.284354    -0.5454    997.408
06Z03FEB2015    -0.228415    -0.177138    997.377
07Z03FEB2015    0.722538    0.396231    997.893
08Z03FEB2015    -0.358938    2.30746    998.887
09Z03FEB2015    0.745846    3.98095    1001.22
10Z03FEB2015    1.46372    5.30483    1003.51
11Z03FEB2015    2.31212    5.61715    1005.56
12Z03FEB2015    2.20957    6.25578    1007.05
13Z03FEB2015    2.06972    6.79186    1007.64
14Z03FEB2015    1.73875    7.23005    1006.52
15Z03FEB2015    0.368262    7.62162    1005.48
16Z03FEB2015    0.503446    7.9386    1004.06
17Z03FEB2015    -0.135185    7.55169    1003.05
18Z03FEB2015    -0.111877    6.666    1002.55
19Z03FEB2015    -0.629308    4.87131    1003.12
20Z03FEB2015    -1.00223    4.39583    1002.59
21Z03FEB2015    -1.03486    3.52412    1002.6
22Z03FEB2015    -1.38914    2.39603    1002.08
23Z03FEB2015    -1.05817    1.515    1002.08
00Z04FEB2015    -0.736523    0.918323    1002.72
            
            
            
            
            
            
            
            
            
            
            
            
            
            
            
            
            
            
            
            
            
            
            
            
            
            
            
            
            
            
            
            
            
            
            
            
            
            
            
            
            
            
            
            
            
            
            
            
            
            
            
            
            
            
            
            
            
            
            
            
            
            
            
            
            
            
            
            
            
            
            
            
            
            
            
            
            
            
            
            
            
            
            
            
            
            
            
            
            
            
            
            
            
            
            
            
            
            
            
            
            
            
            
            
            
            
            
            
            
            
            
            
            
            
            
            
            
            
            
            
            
            
            
            
            
            
            
            
            
            
            
            
            
            
            
            
            
            
            
            
            
            
            
            
