tyd    u    v    psl
01Z30JAN2015    5.94812    -4.06952    1010.15
02Z30JAN2015    7.16478    -5.60317    1010.22
03Z30JAN2015    6.44691    -5.64046    1008.06
04Z30JAN2015    6.45623    -7.77078    1010.58
05Z30JAN2015    7.73815    -7.23471    1012.41
06Z30JAN2015    6.89908    -8.99211    1009.29
07Z30JAN2015    5.17897    -8.25092    1009.92
08Z30JAN2015    5.73835    -7.64492    1005.56
09Z30JAN2015    6.31172    -6.60074    1002.17
10Z30JAN2015    9.53285    -6.41428    1011.09
11Z30JAN2015    9.77991    -7.14148    1018.99
12Z30JAN2015    10.0782    -8.31152    1024.68
13Z30JAN2015    10.9453    -8.26491    1024.82
14Z30JAN2015    13.7842    -9.21586    1021.47
15Z30JAN2015    10.6563    -7.86868    1011.62
16Z30JAN2015    5.87354    -5.50994    1008.54
17Z30JAN2015    8.14837    -6.67066    1004.05
18Z30JAN2015    7.75214    -6.00406    996.613
19Z30JAN2015    6.16255    -6.7266    987.37
20Z30JAN2015    5.23025    -6.81517    994.81
21Z30JAN2015    4.98318    -6.18586    1005.1
22Z30JAN2015    3.67795    -7.35591    1011.8
23Z30JAN2015    4.89462    -4.61026    1010.83
00Z31JAN2015    6.80585    -3.16518    1009.5
01Z31JAN2015    3.83645    4.16742    1009.45
02Z31JAN2015    5.80828    5.92015    1014.74
03Z31JAN2015    1.91589    1.46838    1020.65
04Z31JAN2015    2.67106    1.67349    1021.9
05Z31JAN2015    3.16985    3.18849    1018.71
06Z31JAN2015    2.88549    4.74545    1017.6
07Z31JAN2015    -0.941631    5.0904    1016.14
08Z31JAN2015    -1.13275    6.33969    1015.44
09Z31JAN2015    -1.65951    6.71728    1014.2
10Z31JAN2015    -0.419538    8.19498    1012.78
11Z31JAN2015    0.0466154    8.17168    1013.69
12Z31JAN2015    -1.78071    6.39097    1018.23
13Z31JAN2015    -1.77138    6.91772    1020.54
14Z31JAN2015    -1.67815    7.78943    1018.64
15Z31JAN2015    -0.717877    8.49798    1013.61
16Z31JAN2015    -1.41245    8.40942    1011.54
17Z31JAN2015    -2.76895    7.7568    1006.97
18Z31JAN2015    -0.988246    10.5351    1009.68
19Z31JAN2015    -2.24686    9.73795    1015.68
20Z31JAN2015    -1.27726    9.52352    1020.01
21Z31JAN2015    -2.38205    8.82429    1018.92
22Z31JAN2015    -3.00669    10.2507    1018.09
23Z31JAN2015    -3.97629    10.0922    1018.15
00Z01FEB2015    -4.34455    10.3719    1018.57
01Z01FEB2015    -4.82935    9.39766    1017.76
02Z01FEB2015    -5.62182    10.1761    1018.09
03Z01FEB2015    -5.97143    10.0363    1015.86
04Z01FEB2015    -5.86888    8.93151    1014.33
05Z01FEB2015    -4.45643    9.95705    1013.12
06Z01FEB2015    -5.28152    10.3113    1010.4
07Z01FEB2015    -4.35854    10.4558    1004.77
08Z01FEB2015    -4.61958    9.67735    1001.84
09Z01FEB2015    -5.6358    10.605    1003.33
10Z01FEB2015    -5.50994    9.11797    1008.64
11Z01FEB2015    -6.32105    9.13195    1012.03
12Z01FEB2015    -6.67998    7.82672    1010.92
13Z01FEB2015    -5.79429    8.18566    1006.94
14Z01FEB2015    -5.62648    8.58655    1004.72
15Z01FEB2015    -5.34212    8.51663    1002.66
16Z01FEB2015    -5.06709    8.74038    1001.34
17Z01FEB2015    -5.53325    8.9082    1000.66
18Z01FEB2015    -4.74545    10.1249    1001.87
19Z01FEB2015    -4.76409    10.5397    1003.33
20Z01FEB2015    -5.14634    10.4652    1004.8
21Z01FEB2015    -7.00629    9.9384    1006.71
22Z01FEB2015    -8.04582    10.2834    1008.58
23Z01FEB2015    -8.26025    9.79855    1008.26
00Z02FEB2015    -8.05514    8.99211    1008.56
01Z02FEB2015    -8.05514    8.91752    1008.24
02Z02FEB2015    -7.12283    8.39077    1006.59
03Z02FEB2015    -6.30706    7.49575    1003.61
04Z02FEB2015    -5.40272    6.363    1001.75
05Z02FEB2015    -3.71991    5.8176    1000.39
06Z02FEB2015    -2.1816    4.44711    997.464
07Z02FEB2015    -2.57783    4.56831    997.334
08Z02FEB2015    -1.76206    5.37942    1000.68
09Z02FEB2015    -1.53831    4.98785    1003.97
10Z02FEB2015    -0.247062    5.16498    1005.48
11Z02FEB2015    0.321646    4.87597    1006.69
12Z02FEB2015    1.16072    5.54257    1007.78
13Z02FEB2015    1.18869    5.90617    1008.53
14Z02FEB2015    0.927646    6.39097    1007.23
15Z02FEB2015    -0.205108    7.38388    1005.23
16Z02FEB2015    -0.606    8.6658    1004.19
17Z02FEB2015    -0.927646    8.63317    1004.45
18Z02FEB2015    -1.31455    8.82429    1004.64
19Z02FEB2015    -1.08148    9.43962    1003.9
20Z02FEB2015    -1.27726    9.15992    1003.16
21Z02FEB2015    -1.83665    8.35814    1002.72
22Z02FEB2015    -1.62222    7.9386    1003.15
23Z02FEB2015    -1.53365    7.85469    1004.01
00Z03FEB2015    -1.29591    7.20208    1004.43
01Z31JAN2015    7.16478    -7.1508    1013.03
02Z31JAN2015    5.79429    -8.38611    1012.77
03Z31JAN2015    7.71018    -7.81274    1014.52
04Z31JAN2015    3.18383    -1.71078    1011.16
05Z31JAN2015    7.16945    3.2724    1017.16
06Z31JAN2015    4.58229    5.55655    1013.59
07Z31JAN2015    6.89442    5.10905    1011.88
08Z31JAN2015    6.69863    4.67552    1013.83
09Z31JAN2015    7.32328    6.60074    1019.98
10Z31JAN2015    6.06    7.6356    1026.04
11Z31JAN2015    3.77118    5.25355    1028.39
12Z31JAN2015    6.07398    5.07642    1029.64
13Z31JAN2015    5.43535    5.59851    1026.58
14Z31JAN2015    4.07418    6.44225    1023.86
15Z31JAN2015    2.65708    6.02271    1020.6
16Z31JAN2015    2.11168    8.05514    1016.17
17Z31JAN2015    1.20734    9.64472    1014.03
18Z31JAN2015    -2.44731    10.1062    1007.79
19Z31JAN2015    -4.31192    8.32085    1003
20Z31JAN2015    -4.71282    8.41874    1002.92
21Z31JAN2015    -7.07155    7.91529    1007.97
22Z31JAN2015    -6.98765    9.4536    1011.8
23Z31JAN2015    -8.93617    8.44205    1012.55
00Z01FEB2015    -9.14128    6.47954    1013.75
01Z01FEB2015    -8.95948    6.94569    1016.76
02Z01FEB2015    -8.24626    8.50265    1019.45
03Z01FEB2015    -6.20451    7.83138    1021.99
04Z01FEB2015    -7.51906    8.71242    1022.89
05Z01FEB2015    -7.48643    9.03872    1022.74
06Z01FEB2015    -7.95725    10.1202    1022.46
07Z01FEB2015    -9.61675    9.40698    1023.45
08Z01FEB2015    -9.66803    9.63074    1023.53
09Z01FEB2015    -10.6143    8.68445    1021.13
10Z01FEB2015    -9.38368    10.1342    1018.48
11Z01FEB2015    -9.55615    10.5071    1016.48
12Z01FEB2015    -8.67046    10.274    1016.05
13Z01FEB2015    -8.5446    9.83585    1014.76
14Z01FEB2015    -7.85003    8.70775    1014.46
15Z01FEB2015    -7.84071    9.84983    1011.81
16Z01FEB2015    -7.95725    10.4791    1009.75
17Z01FEB2015    -9.06669    11.239    1009.18
18Z01FEB2015    -9.79855    11.4954    1010.81
19Z01FEB2015    -10.1808    13.1082    1013.01
20Z01FEB2015    -11.4254    12.6747    1016.22
21Z01FEB2015    -10.288    12.5302    1017.01
22Z01FEB2015    -10.7262    10.9546    1016.51
23Z01FEB2015    -11.3742    10.3533    1016.69
00Z02FEB2015    -12.1946    10.7169    1016.07
01Z02FEB2015    -11.7657    9.85449    1014.03
02Z02FEB2015    -11.4254    10.4558    1011.99
03Z02FEB2015    -11.4954    9.3324    1009.96
04Z02FEB2015    -11.0199    9.06669    1007.81
05Z02FEB2015    -11.3042    9.37902    1005.69
06Z02FEB2015    -9.98035    10.577    1004.39
07Z02FEB2015    -10.4745    9.62142    1001.99
08Z02FEB2015    -9.86848    9.36503    1000.19
09Z02FEB2015    -8.88489    10.88    1000.8
10Z02FEB2015    -8.25092    10.3206    1002.72
11Z02FEB2015    -6.61006    10.1062    1004.02
12Z02FEB2015    -6.01805    10.013    1004.25
13Z02FEB2015    -5.26754    10.0643    1002.52
14Z02FEB2015    -4.67086    9.8172    1001.22
15Z02FEB2015    -3.92035    9.74728    1000.98
16Z02FEB2015    -3.80382    9.22052    1001.3
17Z02FEB2015    -3.92035    8.78234    1001.66
18Z02FEB2015    -3.49149    8.76835    1003.41
19Z02FEB2015    -3.99494    9.54683    1005.26
20Z02FEB2015    -4.84334    9.46292    1006.9
21Z02FEB2015    -5.29551    8.8476    1006.43
22Z02FEB2015    -5.47265    8.71242    1006.55
23Z02FEB2015    -5.95745    7.74748    1006.28
00Z03FEB2015    -5.71505    7.68222    1004.53
01Z03FEB2015    -6.03669    7.09952    1002.92
02Z03FEB2015    -6.49352    6.74525    1001.29
03Z03FEB2015    -5.90151    6.56811    999.093
04Z03FEB2015    -5.08108    6.12526    997.794
05Z03FEB2015    -4.74545    5.80362    997.427
06Z03FEB2015    -3.5754    5.6358    997.477
07Z03FEB2015    -1.99514    6.1206    998.067
08Z03FEB2015    -1.11411    5.70572    999.223
09Z03FEB2015    -0.247062    5.65911    1001.98
10Z03FEB2015    0.694569    5.30949    1004.16
11Z03FEB2015    2.15363    5.02514    1006.27
12Z03FEB2015    2.47062    4.97386    1007.53
13Z03FEB2015    2.21889    5.66843    1008.02
14Z03FEB2015    1.95785    6.57277    1007.31
15Z03FEB2015    1.29125    6.23248    1006.26
16Z03FEB2015    0.950954    5.9994    1004.52
17Z03FEB2015    0.0186462    5.0298    1003.44
18Z03FEB2015    0.582692    4.83402    1003.1
19Z03FEB2015    0.853062    5.01582    1003.1
20Z03FEB2015    -0.275031    4.95988    1002.39
21Z03FEB2015    -0.00932308    4.68951    1002.64
22Z03FEB2015    -0.596677    3.73389    1002.13
23Z03FEB2015    0.111877    5.13702    1001.96
00Z04FEB2015    -1.44508    4.83402    1002.56
            
            
            
            
            
            
            
            
            
            
            
            
            
            
            
            
            
            
            
            
            
            
            
            
            
            
            
            
            
            
            
            
            
            
            
            
            
            
            
            
            
            
            
            
            
            
            
            
            
            
            
            
            
            
            
            
            
            
            
            
            
            
            
            
            
            
            
            
            
            
            
            
            
            
            
            
            
            
            
            
            
            
            
            
            
            
            
            
            
            
            
            
            
            
            
            
            
            
            
            
            
            
            
            
            
            
            
            
            
            
            
            
            
            
            
            
            
            
            
            
            
            
            
            
            
            
            
            
            
            
            
            
            
            
            
            
            
            
            
            
            
            
            
            
