tyd    u    v    psl
01Z30JAN2015    8.10642    -5.59385    1009.75
02Z30JAN2015    8.34415    -8.07378    1009.78
03Z30JAN2015    9.08068    -8.71708    1007.43
04Z30JAN2015    10.33    -9.00609    1009.64
05Z30JAN2015    10.0316    -8.08777    1012.08
06Z30JAN2015    10.5351    -9.29045    1008.51
07Z30JAN2015    9.87314    -7.04825    1009.5
08Z30JAN2015    10.2041    -7.42583    1004.45
09Z30JAN2015    9.72397    -5.66377    1001.37
10Z30JAN2015    9.55615    -1.16072    1010.39
11Z30JAN2015    13.8448    -4.74545    1018.5
12Z30JAN2015    13.1782    -6.97366    1023.45
13Z30JAN2015    12.1759    -0.293677    1023.95
14Z30JAN2015    14.9822    -5.82226    1020.64
15Z30JAN2015    16.6417    -5.14634    1010.18
16Z30JAN2015    13.3367    -3.41691    1008.12
17Z30JAN2015    10.9313    -1.72943    1004.13
18Z30JAN2015    12.2272    -2.90414    996.184
19Z30JAN2015    10.1202    -2.96008    987.035
20Z30JAN2015    8.73106    -7.12283    994.071
21Z30JAN2015    8.31152    -4.33057    1004.43
22Z30JAN2015    9.44894    -8.31152    1011.3
23Z30JAN2015    8.9688    -8.5446    1009.75
00Z31JAN2015    10.9872    -6.06932    1008.01
01Z31JAN2015    10.3533    -2.87617    1008.72
02Z31JAN2015    11.0199    -1.32388    1014.31
03Z31JAN2015    7.85935    3.42623    1020.98
04Z31JAN2015    7.72417    0.909    1021.18
05Z31JAN2015    5.20694    3.37495    1018.63
06Z31JAN2015    4.27929    4.87131    1017.27
07Z31JAN2015    1.77138    5.37475    1016.18
08Z31JAN2015    -0.354277    6.89442    1015.42
09Z31JAN2015    -1.13275    6.49818    1014.03
10Z31JAN2015    -1.40312    5.29085    1012.7
11Z31JAN2015    -1.27726    5.63114    1013.36
12Z31JAN2015    -0.419538    7.18343    1018.23
13Z31JAN2015    -1.33786    5.32814    1020.71
14Z31JAN2015    -2.20025    5.66843    1018.53
15Z31JAN2015    -1.61755    7.16945    1013.53
16Z31JAN2015    -2.07438    7.85935    1011.36
17Z31JAN2015    -2.27483    8.38145    1007.12
18Z31JAN2015    -3.13255    8.1204    1009.48
19Z31JAN2015    -3.20714    8.28355    1015.35
20Z31JAN2015    -3.18383    7.53771    1019.93
21Z31JAN2015    -2.97406    7.35591    1018.68
22Z31JAN2015    -3.75254    7.90131    1018.36
23Z31JAN2015    -5.02514    7.65425    1018.3
00Z01FEB2015    -6.06932    7.53305    1018.63
01Z01FEB2015    -6.77788    6.76855    1017.56
02Z01FEB2015    -7.33726    5.88752    1018.39
03Z01FEB2015    -7.6356    4.50305    1016.13
04Z01FEB2015    -7.71018    3.85975    1014.5
05Z01FEB2015    -7.49575    3.5148    1012.98
06Z01FEB2015    -7.09952    4.63357    1010.58
07Z01FEB2015    -6.64269    4.28395    1004.98
08Z01FEB2015    -7.0902    6.48886    1001.95
09Z01FEB2015    -7.83605    7.39786    1004.1
10Z01FEB2015    -7.90131    7.12749    1008.66
11Z01FEB2015    -7.1508    8.25092    1012.17
12Z01FEB2015    -7.31862    7.28598    1011.14
13Z01FEB2015    -7.35125    8.25092    1006.28
14Z01FEB2015    -7.08088    8.02717    1004.49
15Z01FEB2015    -6.7872    8.2416    1002.88
16Z01FEB2015    -7.30929    8.47468    1000.8
17Z01FEB2015    -6.76389    7.55635    999.77
18Z01FEB2015    -6.20917    7.30463    1000.81
19Z01FEB2015    -6.77322    7.11351    1003.41
20Z01FEB2015    -6.60074    7.54237    1004.69
21Z01FEB2015    -7.67755    7.24403    1006.84
22Z01FEB2015    -8.28355    5.95745    1008.7
23Z01FEB2015    -8.63783    4.80605    1008.91
00Z02FEB2015    -7.50042    3.0906    1008.73
01Z02FEB2015    -6.01338    1.0908    1008.34
02Z02FEB2015    -6.98298    0.731862    1007.1
03Z02FEB2015    -7.70086    0.825092    1004.67
04Z02FEB2015    -7.20208    0.936969    1002.28
05Z02FEB2015    -5.98075    0.512769    999.683
06Z02FEB2015    -4.40515    1.11877    998.061
07Z02FEB2015    -1.72011    0.717877    999.403
08Z02FEB2015    1.72943    1.12343    1000.38
09Z02FEB2015    1.69214    3.14188    1002.57
10Z02FEB2015    -0.377585    4.4844    1005.66
11Z02FEB2015    0.717877    3.84111    1006.35
12Z02FEB2015    1.06749    4.79672    1007.66
13Z02FEB2015    1.38448    4.98785    1008.1
14Z02FEB2015    1.36117    4.9692    1007
15Z02FEB2015    0.163154    5.70572    1005.08
16Z02FEB2015    -0.7272    6.15789    1004.19
17Z02FEB2015    -1.55695    5.18363    1004.48
18Z02FEB2015    -2.00446    5.19295    1004.38
19Z02FEB2015    -1.29125    6.37232    1003.64
20Z02FEB2015    -1.49635    6.92705    1003.01
21Z02FEB2015    -1.63154    6.969    1002.44
22Z02FEB2015    -2.35874    5.96211    1002.82
23Z02FEB2015    -2.44731    5.41671    1003.87
00Z03FEB2015    -2.59648    4.848    1004.26
01Z31JAN2015    6.04135    -8.49332    1012.67
02Z31JAN2015    6.02271    -10.4279    1012.14
03Z31JAN2015    6.62405    -9.01542    1013.26
04Z31JAN2015    4.39117    -5.98075    1010.88
05Z31JAN2015    7.47245    -2.9088    1017.01
06Z31JAN2015    7.52838    -1.32854    1013.34
07Z31JAN2015    7.54237    1.28658    1011.8
08Z31JAN2015    5.84091    3.76186    1013.59
09Z31JAN2015    8.59588    5.83625    1019.9
10Z31JAN2015    6.81517    5.45866    1025.77
11Z31JAN2015    4.63357    3.23977    1028.47
12Z31JAN2015    5.0904    3.22578    1029.72
13Z31JAN2015    5.23025    4.1208    1026.61
14Z31JAN2015    4.20937    4.76409    1024.13
15Z31JAN2015    3.39826    4.72214    1020.59
16Z31JAN2015    1.72943    6.63337    1016.07
17Z31JAN2015    -0.107215    6.73126    1014.53
18Z31JAN2015    -2.26085    7.42117    1008.06
19Z31JAN2015    -5.22092    6.15323    1003.8
20Z31JAN2015    -6.39097    5.56588    1003.21
21Z31JAN2015    -8.45603    4.44711    1008.09
22Z31JAN2015    -10.0083    2.87151    1012.45
23Z31JAN2015    -10.591    2.53122    1012.89
00Z01FEB2015    -10.3719    0.745846    1013.57
01Z01FEB2015    -8.81963    1.50568    1016.56
02Z01FEB2015    -7.22072    1.22132    1019.42
03Z01FEB2015    -6.95502    2.28415    1022.28
04Z01FEB2015    -7.78943    3.11391    1023.18
05Z01FEB2015    -8.58655    2.71302    1023.25
06Z01FEB2015    -9.66337    3.16518    1022.61
07Z01FEB2015    -9.4536    3.68728    1023.72
08Z01FEB2015    -9.54217    4.3632    1023.92
09Z01FEB2015    -9.82186    6.22315    1021.28
10Z01FEB2015    -10.0596    8.22295    1018.62
11Z01FEB2015    -9.60743    8.65648    1016.39
12Z01FEB2015    -9.49089    9.24383    1016.05
13Z01FEB2015    -9.41165    8.63783    1014.56
14Z01FEB2015    -9.27646    9.3324    1013.99
15Z01FEB2015    -9.44894    10.2367    1011.44
16Z01FEB2015    -9.86848    9.71465    1009.57
17Z01FEB2015    -10.619    9.09466    1009.81
18Z01FEB2015    -11.4581    8.76369    1010.95
19Z01FEB2015    -12.5675    8.56325    1013.18
20Z01FEB2015    -11.9429    8.6658    1016.38
21Z01FEB2015    -12.4789    6.67066    1017.44
22Z01FEB2015    -13.2574    3.95298    1016.76
23Z01FEB2015    -12.9684    3.92968    1016.87
00Z02FEB2015    -12.7493    4.26065    1016.35
01Z02FEB2015    -12.1526    3.88772    1014.59
02Z02FEB2015    -12.7726    3.21646    1012.43
03Z02FEB2015    -11.9382    3.34698    1010.17
04Z02FEB2015    -11.3042    3.44488    1007.79
05Z02FEB2015    -10.7915    3.17451    1005.88
06Z02FEB2015    -10.2461    3.90637    1004.9
07Z02FEB2015    -10.9779    4.97852    1002.34
08Z02FEB2015    -10.2647    6.14857    1000.47
09Z02FEB2015    -9.29045    7.91529    1000.68
10Z02FEB2015    -8.79632    8.59588    1002.45
11Z02FEB2015    -7.54703    9.13662    1003.85
12Z02FEB2015    -7.20208    9.64938    1003.77
13Z02FEB2015    -6.68465    9.46292    1002.49
14Z02FEB2015    -6.1206    8.79166    1000.97
15Z02FEB2015    -5.70106    8.0598    1000.82
16Z02FEB2015    -5.50062    7.76612    1001.44
17Z02FEB2015    -5.07642    7.57966    1001.74
18Z02FEB2015    -5.10905    7.68688    1003.23
19Z02FEB2015    -5.62182    7.5144    1005.12
20Z02FEB2015    -6.03203    7.62628    1006.31
21Z02FEB2015    -6.60074    7.01562    1006.54
22Z02FEB2015    -7.03426    6.5448    1006.44
23Z02FEB2015    -8.31618    4.36786    1005.79
00Z03FEB2015    -8.69843    3.25375    1004.46
01Z03FEB2015    -8.60986    2.44731    1003.08
02Z03FEB2015    -7.8174    2.10702    1001
03Z03FEB2015    -7.80808    1.74808    999.043
04Z03FEB2015    -7.66357    2.06972    997.762
05Z03FEB2015    -6.92238    1.95318    997.309
06Z03FEB2015    -5.5752    2.32611    997.079
07Z03FEB2015    -4.34455    2.73632    997.874
08Z03FEB2015    -2.63377    3.44488    999.148
09Z03FEB2015    -1.32854    4.66154    1001.8
10Z03FEB2015    0.1212    4.71748    1003.97
11Z03FEB2015    0.680585    4.26997    1005.89
12Z03FEB2015    1.59425    4.71282    1007.45
13Z03FEB2015    1.34718    4.79206    1007.75
14Z03FEB2015    0.922985    5.50528    1006.83
15Z03FEB2015    0.489462    5.09506    1005.9
16Z03FEB2015    -0.0932308    5.22092    1004.62
17Z03FEB2015    -0.8484    4.56831    1003.27
18Z03FEB2015    -0.652615    3.95298    1003.13
19Z03FEB2015    -1.05351    3.333    1003.03
20Z03FEB2015    -0.685246    2.77828    1002.49
21Z03FEB2015    -1.0302    3.26774    1002.55
22Z03FEB2015    -1.7574    2.9694    1002.04
23Z03FEB2015    -2.46129    2.73166    1001.96
00Z04FEB2015    -2.68505    2.97406    1002.59
            
            
            
            
            
            
            
            
            
            
            
            
            
            
            
            
            
            
            
            
            
            
            
            
            
            
            
            
            
            
            
            
            
            
            
            
            
            
            
            
            
            
            
            
            
            
            
            
            
            
            
            
            
            
            
            
            
            
            
            
            
            
            
            
            
            
            
            
            
            
            
            
            
            
            
            
            
            
            
            
            
            
            
            
            
            
            
            
            
            
            
            
            
            
            
            
            
            
            
            
            
            
            
            
            
            
            
            
            
            
            
            
            
            
            
            
            
            
            
            
            
            
            
            
            
            
            
            
            
            
            
            
            
            
            
            
            
            
            
            
            
            
            
            
