tyd    u    v    psl
01Z30JAN2015    1.90191    -4.27929    1011.35
02Z30JAN2015    1.30523    -3.78051    1011.54
03Z30JAN2015    0.960277    -3.59405    1009.29
04Z30JAN2015    0.843738    -3.59871    1011.61
05Z30JAN2015    1.22598    -2.53122    1013.98
06Z30JAN2015    1.13275    -3.43089    1010.89
07Z30JAN2015    2.81557    -3.13722    1010.82
08Z30JAN2015    5.65911    -3.43555    1006.38
09Z30JAN2015    6.30706    -3.60803    1002.47
10Z30JAN2015    5.41671    -2.82955    1012.3
11Z30JAN2015    6.11594    -3.10458    1020.94
12Z30JAN2015    5.89685    -3.60337    1025.84
13Z30JAN2015    6.53548    -3.16985    1025.84
14Z30JAN2015    5.48663    -2.60114    1023.09
15Z30JAN2015    6.28842    -4.06486    1012.53
16Z30JAN2015    5.32348    -2.71302    1009.09
17Z30JAN2015    2.61512    -2.77362    1004.98
18Z30JAN2015    1.64552    -0.820431    997.675
19Z30JAN2015    2.17694    -2.72234    988.303
20Z30JAN2015    1.23997    -2.424    995.177
21Z30JAN2015    3.07195    -1.92055    1006.02
22Z30JAN2015    0.675923    -2.52189    1012.69
23Z30JAN2015    -1.24929    -2.64309    1010.84
00Z31JAN2015    -0.0233077    -2.47062    1009.57
01Z31JAN2015    1.98582    -1.53831    1010.03
02Z31JAN2015    4.57763    -1.10012    1015.24
03Z31JAN2015    3.68262    -0.792462    1021.28
04Z31JAN2015    0.414877    -1.88326    1022.16
05Z31JAN2015    -1.18403    -1.71078    1018.03
06Z31JAN2015    2.08837    1.36583    1016.86
07Z31JAN2015    2.61978    5.65445    1015.36
08Z31JAN2015    1.65018    5.48197    1014.54
09Z31JAN2015    2.45663    5.87354    1012.7
10Z31JAN2015    3.40292    6.17654    1011.79
11Z31JAN2015    4.3026    8.05048    1012.34
12Z31JAN2015    3.16985    7.4538    1017.7
13Z31JAN2015    3.21646    7.24403    1019.85
14Z31JAN2015    3.90171    6.81517    1017.07
15Z31JAN2015    3.05797    8.1204    1012.13
16Z31JAN2015    2.27017    8.73572    1009.72
17Z31JAN2015    -1.84597    7.12749    1005.52
18Z31JAN2015    -2.48926    8.19965    1008.01
19Z31JAN2015    -2.64309    10.344    1014.19
20Z31JAN2015    -2.88549    10.88    1018.47
21Z31JAN2015    -2.63843    10.6982    1017.66
22Z31JAN2015    -3.65465    9.95238    1016.86
23Z31JAN2015    -4.04622    11.6166    1016.69
00Z01FEB2015    -4.14411    11.4814    1017.63
01Z01FEB2015    -3.91103    10.9313    1016.37
02Z01FEB2015    -4.32591    10.8754    1016.59
03Z01FEB2015    -3.58472    10.5118    1014.74
04Z01FEB2015    -2.85752    9.17857    1012.83
05Z01FEB2015    -3.16985    9.22518    1011.78
06Z01FEB2015    -2.99737    8.58655    1008.84
07Z01FEB2015    -2.38671    9.13195    1003.08
08Z01FEB2015    -1.71545    10.0829    1000.24
09Z01FEB2015    -1.88792    9.48623    1001.78
10Z01FEB2015    -2.11634    9.72863    1006.89
11Z01FEB2015    -2.15829    10.2367    1010.04
12Z01FEB2015    -1.58026    10.2694    1008.52
13Z01FEB2015    -1.50102    10.2181    1004.57
14Z01FEB2015    -1.76672    10.0596    1003
15Z01FEB2015    -1.85529    9.23451    1000.68
16Z01FEB2015    -2.32145    9.18789    999.086
17Z01FEB2015    -2.75963    7.03892    997.501
18Z01FEB2015    -1.43109    3.24443    999.72
19Z01FEB2015    -3.14654    4.73612    1001.43
20Z01FEB2015    -3.70126    6.59142    1002.93
21Z01FEB2015    -2.58249    6.4236    1004.31
22Z01FEB2015    -3.41225    8.25092    1006.82
23Z01FEB2015    -3.53811    8.14837    1006.34
00Z02FEB2015    -3.32368    5.92482    1007.14
01Z02FEB2015    -3.29571    4.69417    1007.23
02Z02FEB2015    -2.75031    2.22822    1006.38
03Z02FEB2015    -4.35388    2.08837    1003.57
04Z02FEB2015    -5.30483    1.2726    1001.68
05Z02FEB2015    -1.71545    3.28638    998.62
06Z02FEB2015    2.41468    3.49615    997.402
07Z02FEB2015    2.03709    0.4848    998.055
08Z02FEB2015    2.05574    -1.1514    1001.8
09Z02FEB2015    3.49149    1.07682    1003.97
10Z02FEB2015    4.52635    3.84111    1005.06
11Z02FEB2015    5.3328    3.89705    1006.08
12Z02FEB2015    5.87354    5.71971    1007.73
13Z02FEB2015    6.40962    7.3326    1008.09
14Z02FEB2015    6.76855    7.79409    1005.84
15Z02FEB2015    6.64269    7.878    1004.4
16Z02FEB2015    5.08108    7.50974    1003.31
17Z02FEB2015    3.8178    7.30463    1003.79
18Z02FEB2015    1.99514    6.1812    1003.53
19Z02FEB2015    -0.349615    2.3028    1003.04
20Z02FEB2015    -2.06506    4.82935    1002
21Z02FEB2015    -1.68282    5.50528    1001.92
22Z02FEB2015    -2.49858    4.31658    1002.49
23Z02FEB2015    -2.06506    4.30726    1003.47
00Z03FEB2015    -2.25618    3.52878    1003.73
01Z31JAN2015    -1.23997    -6.76389    1014.18
02Z31JAN2015    -2.96008    -5.81294    1013.6
03Z31JAN2015    -0.745846    -4.07418    1014.78
04Z31JAN2015    -1.90191    -3.72923    1011.22
05Z31JAN2015    0.801785    -2.20491    1017.92
06Z31JAN2015    0.988246    -2.93677    1014.25
07Z31JAN2015    3.09992    -1.64086    1011.45
08Z31JAN2015    2.77362    3.58938    1013.43
09Z31JAN2015    4.00426    7.79875    1019.84
10Z31JAN2015    5.03912    8.29288    1025.37
11Z31JAN2015    5.08108    7.20674    1028.43
12Z31JAN2015    6.29308    7.8174    1029.8
13Z31JAN2015    5.34212    7.61229    1026.2
14Z31JAN2015    5.63114    8.47002    1023.56
15Z31JAN2015    4.7874    8.50731    1020.01
16Z31JAN2015    3.70592    9.74262    1014.98
17Z31JAN2015    1.10012    8.89422    1012.58
18Z31JAN2015    -2.82489    5.91083    1006.81
19Z31JAN2015    -3.06729    7.06689    1002.22
20Z31JAN2015    -1.77605    6.44225    1001.49
21Z31JAN2015    -2.96008    8.53062    1006.17
22Z31JAN2015    -3.38428    11.3788    1009.93
23Z31JAN2015    -4.20937    8.42806    1011.08
00Z01FEB2015    -4.02757    5.86888    1012.28
01Z01FEB2015    -5.49595    5.97143    1015.62
02Z01FEB2015    -3.84577    8.9688    1018.11
03Z01FEB2015    -2.44265    8.97812    1020.87
04Z01FEB2015    -5.36543    9.91975    1021.63
05Z01FEB2015    -5.28618    9.39766    1021.69
06Z01FEB2015    -4.62891    9.98502    1020.79
07Z01FEB2015    -4.27929    9.17391    1021.69
08Z01FEB2015    -2.97872    7.18809    1022.39
09Z01FEB2015    -2.87617    9.29045    1018.42
10Z01FEB2015    -2.62445    8.92685    1016.09
11Z01FEB2015    -2.05574    10.1668    1014
12Z01FEB2015    -2.14897    10.027    1013.92
13Z01FEB2015    -1.96251    8.84294    1012.69
14Z01FEB2015    -1.82266    9.85449    1012.22
15Z01FEB2015    -1.83665    10.0176    1009.28
16Z01FEB2015    -3.01602    10.4885    1007.5
17Z01FEB2015    -3.25375    10.4838    1006.64
18Z01FEB2015    -3.90637    11.1131    1007.54
19Z01FEB2015    -5.07175    12.5722    1009.59
20Z01FEB2015    -5.57054    13.8727    1012.7
21Z01FEB2015    -7.05757    14.1384    1013.74
22Z01FEB2015    -6.61938    13.36    1013.3
23Z01FEB2015    -5.60317    11.7937    1013.7
00Z02FEB2015    -5.92015    8.95015    1013.44
01Z02FEB2015    -6.32571    6.99697    1012.12
02Z02FEB2015    -5.09972    6.30706    1009.57
03Z02FEB2015    -4.57763    4.88995    1008.26
04Z02FEB2015    -4.242    3.5754    1005.91
05Z02FEB2015    -4.54966    3.83645    1004.09
06Z02FEB2015    -2.64309    3.73855    1002.57
07Z02FEB2015    -3.44488    3.84577    1000.2
08Z02FEB2015    -3.30969    5.70106    998.515
09Z02FEB2015    -0.512769    7.55635    999.186
10Z02FEB2015    -1.92988    7.2114    1000.45
11Z02FEB2015    -0.382246    9.11797    1002.13
12Z02FEB2015    -0.531415    9.14594    1001.9
13Z02FEB2015    -0.992908    8.88955    1000.68
14Z02FEB2015    -0.703892    8.21363    999.465
15Z02FEB2015    -0.0466154    8.02251    998.993
16Z02FEB2015    -1.42177    6.89442    999.428
17Z02FEB2015    -1.59891    5.25355    999.497
18Z02FEB2015    -2.82489    5.69174    1001.44
19Z02FEB2015    -2.75031    7.09486    1003.18
20Z02FEB2015    -2.99271    8.23228    1004.31
21Z02FEB2015    -3.07662    7.90597    1004.25
22Z02FEB2015    -3.28638    7.52838    1004.33
23Z02FEB2015    -3.09992    7.55635    1003.91
00Z03FEB2015    -3.00203    6.53082    1002.73
01Z03FEB2015    -2.65708    5.98075    1001.42
02Z03FEB2015    -3.07662    4.87597    999.422
03Z03FEB2015    -3.4542    3.89705    998.291
04Z03FEB2015    -4.29794    5.18363    997.253
05Z03FEB2015    -3.23977    2.82955    997.029
06Z03FEB2015    -1.74808    0.699231    996.774
07Z03FEB2015    -0.508108    2.81557    997.396
08Z03FEB2015    3.23511    1.27726    998.925
09Z03FEB2015    1.29125    -0.293677    1001.61
10Z03FEB2015    5.53791    6.9084    1003.69
11Z03FEB2015    6.29308    6.45157    1005.71
12Z03FEB2015    6.19518    7.02494    1007.06
13Z03FEB2015    6.00872    7.37922    1007.23
14Z03FEB2015    6.49352    7.9992    1006.35
15Z03FEB2015    6.27909    7.96191    1005.29
16Z03FEB2015    5.9994    8.33949    1003.81
17Z03FEB2015    4.71748    8.61918    1002.8
18Z03FEB2015    2.80625    7.16945    1002.67
19Z03FEB2015    1.96251    6.34902    1002.81
20Z03FEB2015    1.6968    5.32348    1002.26
21Z03FEB2015    0.344954    4.03223    1002.32
22Z03FEB2015    0.857723    3.23977    1001.48
23Z03FEB2015    -0.344954    1.62688    1001.38
00Z04FEB2015    -1.74808    1.95318    1001.79
            
            
            
            
            
            
            
            
            
            
            
            
            
            
            
            
            
            
            
            
            
            
            
            
            
            
            
            
            
            
            
            
            
            
            
            
            
            
            
            
            
            
            
            
            
            
            
            
            
            
            
            
            
            
            
            
            
            
            
            
            
            
            
            
            
            
            
            
            
            
            
            
            
            
            
            
            
            
            
            
            
            
            
            
            
            
            
            
            
            
            
            
            
            
            
            
            
            
            
            
            
            
            
            
            
            
            
            
            
            
            
            
            
            
            
            
            
            
            
            
            
            
            
            
            
            
            
            
            
            
            
            
            
            
            
            
            
            
            
            
            
            
            
            
