tyd    u    v    psl
01Z30JAN2015    4.35854    -2.22822    1009.89
02Z30JAN2015    3.09526    -3.46818    1009.9
03Z30JAN2015    4.83402    -4.00426    1007.86
04Z30JAN2015    6.2418    -4.52635    1009.55
05Z30JAN2015    5.19295    -3.73855    1011.98
06Z30JAN2015    4.56831    -3.76652    1008.29
07Z30JAN2015    2.83422    -2.26085    1009.44
08Z30JAN2015    3.26308    -4.06486    1004.57
09Z30JAN2015    3.48683    -2.01845    1000.71
10Z30JAN2015    3.77118    -1.89258    1010.12
11Z30JAN2015    1.59891    -3.8178    1018.01
12Z30JAN2015    4.49838    -2.32145    1022.74
13Z30JAN2015    7.92462    -5.13235    1022.76
14Z30JAN2015    8.31152    -3.89238    1019.49
15Z30JAN2015    6.39097    -4.18606    1009.96
16Z30JAN2015    5.46332    -1.06283    1007.89
17Z30JAN2015    4.37718    2.07438    1004.43
18Z30JAN2015    3.25842    -0.358938    996.495
19Z30JAN2015    3.88772    -2.14897    987.513
20Z30JAN2015    0.643292    1.212    994.35
21Z30JAN2015    3.11857    -4.74545    1004.91
22Z30JAN2015    -0.321646    -2.95075    1011.46
23Z30JAN2015    2.04175    -3.08594    1009.66
00Z31JAN2015    1.09546    -2.57317    1008.43
01Z31JAN2015    3.90637    -3.03    1009.09
02Z31JAN2015    6.77322    -5.97609    1013.93
03Z31JAN2015    6.71262    -5.59385    1019.93
04Z31JAN2015    -0.675923    -1.79003    1021.54
05Z31JAN2015    -0.955615    1.818    1018.53
06Z31JAN2015    0.862385    2.29814    1017.45
07Z31JAN2015    0.992908    1.40312    1015.79
08Z31JAN2015    -1.00689    2.80158    1015.18
09Z31JAN2015    -2.80625    5.17897    1014.06
10Z31JAN2015    -2.62911    6.08331    1012.3
11Z31JAN2015    -2.61046    6.43758    1013.21
12Z31JAN2015    -2.84354    6.48886    1017.94
13Z31JAN2015    -2.37272    5.68242    1020.68
14Z31JAN2015    -1.98115    5.56588    1018.17
15Z31JAN2015    -3.22112    6.17654    1013.17
16Z31JAN2015    -2.9088    7.22072    1011.04
17Z31JAN2015    -2.61046    6.86645    1007.07
18Z31JAN2015    -3.34232    5.99008    1009.51
19Z31JAN2015    -3.42623    4.52169    1015.89
20Z31JAN2015    -3.12789    3.21646    1019.85
21Z31JAN2015    -2.78294    3.05331    1018.71
22Z31JAN2015    -3.53345    2.76429    1018.63
23Z31JAN2015    -3.32368    1.48237    1018.45
00Z01FEB2015    -4.05088    0.619985    1019.2
01Z01FEB2015    -3.16985    -0.522092    1018.04
02Z01FEB2015    -2.47994    -2.67106    1018.51
03Z01FEB2015    -2.49392    -3.64998    1016.56
04Z01FEB2015    -2.14431    -3.28172    1014.34
05Z01FEB2015    -2.35874    -2.79226    1013.6
06Z01FEB2015    -3.07195    -0.839077    1010.57
07Z01FEB2015    -4.74545    2.75031    1005.16
08Z01FEB2015    -4.61026    4.3632    1002.29
09Z01FEB2015    -4.57763    5.73835    1004.26
10Z01FEB2015    -4.7268    6.19052    1008.55
11Z01FEB2015    -4.76409    5.8176    1011.85
12Z01FEB2015    -4.79206    5.89685    1010.67
13Z01FEB2015    -5.0298    6.00872    1006.82
14Z01FEB2015    -5.00183    6.08797    1004.66
15Z01FEB2015    -4.88063    5.88752    1002.6
16Z01FEB2015    -4.31192    5.34678    1000.91
17Z01FEB2015    -3.95765    3.9996    1000.22
18Z01FEB2015    -2.35874    2.06506    1001.71
19Z01FEB2015    -1.82732    -1.5756    1003.17
20Z01FEB2015    -2.23288    -1.86462    1005.05
21Z01FEB2015    -2.85752    -3.07662    1006.81
22Z01FEB2015    -2.97872    -4.3026    1008.88
23Z01FEB2015    -2.75497    -5.26288    1008.78
00Z02FEB2015    -2.76429    -5.43535    1008.94
01Z02FEB2015    -3.10925    -5.57054    1008.75
02Z02FEB2015    -3.333    -6.13458    1007.04
03Z02FEB2015    -3.29571    -5.51926    1004.5
04Z02FEB2015    -2.94609    -5.22558    1002.07
05Z02FEB2015    -2.24686    -4.37252    999.192
06Z02FEB2015    -1.95318    -3.80848    997.135
07Z02FEB2015    -1.93454    -2.27949    998.135
08Z02FEB2015    -1.32854    -1.30057    1001.09
09Z02FEB2015    0.540738    0.820431    1003.37
10Z02FEB2015    2.26085    2.71768    1004.59
11Z02FEB2015    3.72923    2.70835    1006.15
12Z02FEB2015    4.61026    2.80625    1007.35
13Z02FEB2015    3.8178    4.7268    1007.63
14Z02FEB2015    3.5148    5.10905    1006.68
15Z02FEB2015    2.28415    5.56122    1005.02
16Z02FEB2015    -0.550062    4.00426    1004.05
17Z02FEB2015    -2.12566    5.151    1004.41
18Z02FEB2015    -3.30037    4.70349    1004.51
19Z02FEB2015    -2.27017    3.55675    1004.14
20Z02FEB2015    -2.54986    2.89482    1003.36
21Z02FEB2015    -3.08594    2.80625    1002.64
22Z02FEB2015    -3.37495    1.13742    1003.23
23Z02FEB2015    -2.53122    -0.372923    1004.08
00Z03FEB2015    -2.3634    -0.438185    1004.47
01Z31JAN2015    2.3028    -4.57297    1012.54
02Z31JAN2015    5.50062    -5.02514    1011.72
03Z31JAN2015    6.61472    -2.66174    1012.95
04Z31JAN2015    7.78011    -5.3934    1010.04
05Z31JAN2015    10.6796    -3.16518    1016.45
06Z31JAN2015    6.21849    -0.755169    1013.68
07Z31JAN2015    5.92482    0.946292    1011.88
08Z31JAN2015    4.59162    2.06972    1014.42
09Z31JAN2015    4.57297    4.61026    1020.19
10Z31JAN2015    5.66377    4.62891    1025.89
11Z31JAN2015    4.86665    4.40982    1028.42
12Z31JAN2015    5.49129    3.57074    1029.68
13Z31JAN2015    5.54257    4.28862    1026.53
14Z31JAN2015    5.71971    4.59628    1024.4
15Z31JAN2015    3.98095    4.53568    1020.88
16Z31JAN2015    3.12789    6.12526    1016.37
17Z31JAN2015    -1.32854    4.14877    1014.19
18Z31JAN2015    -3.36563    4.16742    1008.76
19Z31JAN2015    -3.60803    1.06749    1003.96
20Z31JAN2015    -3.49615    -2.27949    1003.33
21Z31JAN2015    -3.23511    -3.89705    1008.61
22Z31JAN2015    -3.16518    -4.21403    1012.83
23Z31JAN2015    -3.11391    -5.60317    1013.26
00Z01FEB2015    -3.62668    -6.16722    1013.85
01Z01FEB2015    -2.79692    -5.35145    1016.79
02Z01FEB2015    -2.65708    -3.88772    1019.16
03Z01FEB2015    -2.70835    -3.94832    1021.93
04Z01FEB2015    -1.94852    -3.34232    1023.09
05Z01FEB2015    -2.34009    -4.54034    1023.03
06Z01FEB2015    -2.48926    -3.71058    1022.84
07Z01FEB2015    -4.38185    -2.78294    1023.69
08Z01FEB2015    -5.00183    -1.71078    1024.49
09Z01FEB2015    -4.44711    1.48237    1021.08
10Z01FEB2015    -4.64755    3.11391    1018.55
11Z01FEB2015    -4.71748    4.08817    1016.78
12Z01FEB2015    -4.57297    4.37718    1016.27
13Z01FEB2015    -4.19072    3.95298    1014.89
14Z01FEB2015    -4.16275    4.98318    1014.32
15Z01FEB2015    -4.95055    6.29308    1011.89
16Z01FEB2015    -4.94589    6.35834    1009.78
17Z01FEB2015    -5.14168    4.91326    1009.91
18Z01FEB2015    -2.09303    0.913662    1011.31
19Z01FEB2015    -3.62202    -0.722538    1013.15
20Z01FEB2015    -3.30969    -3.71525    1016.27
21Z01FEB2015    -4.63823    -4.73612    1017.7
22Z01FEB2015    -4.26997    -6.17188    1016.72
23Z01FEB2015    -4.80605    -6.26977    1016.83
00Z02FEB2015    -5.05311    -6.49818    1016.23
01Z02FEB2015    -4.16742    -6.65202    1014.48
02Z02FEB2015    -3.52412    -6.34435    1011.88
03Z02FEB2015    -3.49615    -6.47954    1010.18
04Z02FEB2015    -3.54277    -6.12526    1007.46
05Z02FEB2015    -3.95298    -6.17188    1005.25
06Z02FEB2015    -3.41225    -5.02048    1004.11
07Z02FEB2015    -4.50305    -3.26774    1001.77
08Z02FEB2015    -6.63803    -2.33543    1000.01
09Z02FEB2015    -3.34232    0.843738    1001.14
10Z02FEB2015    -3.55675    2.71302    1002.37
11Z02FEB2015    -3.59871    4.28862    1003.64
12Z02FEB2015    -3.50082    4.99717    1003.31
13Z02FEB2015    -3.7572    5.54723    1002.13
14Z02FEB2015    -3.89238    5.44934    1000.72
15Z02FEB2015    -3.99494    6.09263    1000.28
16Z02FEB2015    -3.80848    5.70572    1000.81
17Z02FEB2015    -3.7572    4.68018    1001.19
18Z02FEB2015    -1.94386    3.63134    1002.87
19Z02FEB2015    -2.27949    3.90637    1005.51
20Z02FEB2015    -2.41002    3.16052    1006.76
21Z02FEB2015    -2.9088    2.55452    1006.05
22Z02FEB2015    -2.75497    0.307662    1006.15
23Z02FEB2015    -2.57317    -3.48683    1005.84
00Z03FEB2015    -2.38205    -4.63357    1004.04
01Z03FEB2015    -3.25842    -4.97852    1002.72
02Z03FEB2015    -2.4846    -5.47731    1000.67
03Z03FEB2015    -2.51723    -5.27686    998.906
04Z03FEB2015    -2.8482    -4.63823    997.626
05Z03FEB2015    -2.30746    -4.04622    996.718
06Z03FEB2015    -2.27483    -4.05554    997.116
07Z03FEB2015    -0.797123    -2.27483    997.551
08Z03FEB2015    0.256385    0.293677    998.931
09Z03FEB2015    -0.111877    1.85063    1000.94
10Z03FEB2015    -0.647954    2.85752    1003.36
11Z03FEB2015    -1.48703    4.15809    1005.62
12Z03FEB2015    -1.15606    4.40049    1006.91
13Z03FEB2015    -0.867046    4.3026    1007.43
14Z03FEB2015    -1.05351    3.79449    1006.68
15Z03FEB2015    -1.85995    3.97629    1005.9
16Z03FEB2015    -1.8786    3.85509    1004.34
17Z03FEB2015    -2.41468    4.03223    1003.57
18Z03FEB2015    -1.69214    2.34009    1002.83
19Z03FEB2015    -1.84597    1.29591    1003.19
20Z03FEB2015    -1.72011    1.42643    1002.84
21Z03FEB2015    -1.77138    0.601338    1002.44
22Z03FEB2015    -1.19802    -1.39846    1002.12
23Z03FEB2015    -1.38914    -1.34718    1002.05
00Z04FEB2015    -1.65485    -1.79003    1002.65
            
            
            
            
            
            
            
            
            
            
            
            
            
            
            
            
            
            
            
            
            
            
            
            
            
            
            
            
            
            
            
            
            
            
            
            
            
            
            
            
            
            
            
            
            
            
            
            
            
            
            
            
            
            
            
            
            
            
            
            
            
            
            
            
            
            
            
            
            
            
            
            
            
            
            
            
            
            
            
            
            
            
            
            
            
            
            
            
            
            
            
            
            
            
            
            
            
            
            
            
            
            
            
            
            
            
            
            
            
            
            
            
            
            
            
            
            
            
            
            
            
            
            
            
            
            
            
            
            
            
            
            
            
            
            
            
            
            
            
            
            
            
            
            
