tyd    u    v    psl
01Z30JAN2015    3.56142    -6.15323    1010.27
02Z30JAN2015    1.99048    -7.40252    1010.44
03Z30JAN2015    1.80402    -7.88732    1008.18
04Z30JAN2015    1.41245    -7.37922    1010.49
05Z30JAN2015    0.8484    -4.10215    1012.78
06Z30JAN2015    0.922985    -7.59365    1009.47
07Z30JAN2015    1.71545    -7.52372    1009.99
08Z30JAN2015    2.06506    -7.99454    1005.28
09Z30JAN2015    2.03243    -3.8784    1001.58
10Z30JAN2015    9.98968    -3.12323    1010.5
11Z30JAN2015    11.1084    -4.24666    1018.89
12Z30JAN2015    9.31842    -4.545    1024.08
13Z30JAN2015    10.1482    -2.72234    1024.49
14Z30JAN2015    9.70532    -3.71058    1021.36
15Z30JAN2015    12.3391    -4.37718    1011.25
16Z30JAN2015    12.5862    -3.97163    1007.83
17Z30JAN2015    9.77525    -4.69883    1004.08
18Z30JAN2015    8.49332    -2.93677    996.756
19Z30JAN2015    3.52412    -1.37049    987.644
20Z30JAN2015    2.90414    -2.64309    994.63
21Z30JAN2015    1.12343    -1.43575    1005.18
22Z30JAN2015    -0.8484    -2.67106    1012.24
23Z30JAN2015    -1.08614    -2.78294    1010.73
00Z31JAN2015    3.37962    -3.69194    1009.13
01Z31JAN2015    7.81274    -1.63154    1008.84
02Z31JAN2015    4.06486    -1.17937    1014.95
03Z31JAN2015    -0.554723    3.56142    1021.57
04Z31JAN2015    -1.27726    -0.470815    1021.73
05Z31JAN2015    0.573369    1.12343    1018.43
06Z31JAN2015    2.16762    5.23491    1017.4
07Z31JAN2015    2.63843    6.88975    1015.81
08Z31JAN2015    -0.517431    7.91529    1015.13
09Z31JAN2015    -1.60357    9.28578    1013.76
10Z31JAN2015    -1.79935    10.0549    1012.28
11Z31JAN2015    -1.90657    9.86382    1012.88
12Z31JAN2015    -0.825092    10.2134    1017.99
13Z31JAN2015    -1.22598    9.47691    1020.18
14Z31JAN2015    -1.52898    10.302    1017.99
15Z31JAN2015    -1.54763    11.6725    1013.06
16Z31JAN2015    -1.59891    12.2832    1010.43
17Z31JAN2015    -1.52432    11.9615    1006.65
18Z31JAN2015    -2.87617    11.6911    1008.94
19Z31JAN2015    -2.75963    12.4416    1015.02
20Z31JAN2015    -2.68038    11.9802    1019.5
21Z31JAN2015    -2.20957    11.1038    1018.14
22Z31JAN2015    -3.95298    12.1107    1017.5
23Z31JAN2015    -4.50771    12.9078    1017.66
00Z01FEB2015    -4.50305    12.5955    1018.35
01Z01FEB2015    -3.93434    12.6561    1017.01
02Z01FEB2015    -5.83158    12.6234    1017.33
03Z01FEB2015    -6.99231    12.4323    1015.33
04Z01FEB2015    -6.61472    12.4789    1013.59
05Z01FEB2015    -5.32814    11.6026    1012.51
06Z01FEB2015    -5.13702    11.4068    1009.57
07Z01FEB2015    -4.31658    12.381    1004.08
08Z01FEB2015    -6.28842    11.8869    1001.42
09Z01FEB2015    -6.29308    12.0174    1002.94
10Z01FEB2015    -4.6056    12.1853    1007.82
11Z01FEB2015    -5.0298    13.8215    1011.19
12Z01FEB2015    -5.77565    13.2947    1010.09
13Z01FEB2015    -4.69417    13.0243    1005.77
14Z01FEB2015    -4.848    12.698    1003.93
15Z01FEB2015    -4.71748    12.4696    1001.69
16Z01FEB2015    -4.39583    12.2925    1000.39
17Z01FEB2015    -3.53811    10.88    999.453
18Z01FEB2015    -0.778477    9.70066    999.994
19Z01FEB2015    -3.28638    12.8472    1001.92
20Z01FEB2015    -4.92725    12.3997    1004.05
21Z01FEB2015    -6.88975    12.2226    1005.52
22Z01FEB2015    -7.56568    12.3624    1007.64
23Z01FEB2015    -7.20674    11.3742    1007.66
00Z02FEB2015    -6.6054    10.7821    1007.66
01Z02FEB2015    -5.94812    10.3393    1007.2
02Z02FEB2015    -4.99717    9.13662    1006.02
03Z02FEB2015    -5.06243    9.33706    1003.61
04Z02FEB2015    -3.93434    8.49798    1001.17
05Z02FEB2015    -2.61978    7.32794    998.229
06Z02FEB2015    -0.1212    5.24423    996.675
07Z02FEB2015    0.797123    3.94366    997.209
08Z02FEB2015    1.34252    3.92502    1000.36
09Z02FEB2015    1.09546    4.75011    1003.64
10Z02FEB2015    0.475477    6.48886    1005.51
11Z02FEB2015    0.825092    6.15323    1006.26
12Z02FEB2015    1.01622    6.35368    1007.83
13Z02FEB2015    1.44042    7.87334    1007.64
14Z02FEB2015    1.03486    8.41408    1007.04
15Z02FEB2015    0.950954    9.08068    1004.72
16Z02FEB2015    -0.135185    9.2112    1003.93
17Z02FEB2015    -1.06283    9.5142    1003.97
18Z02FEB2015    -0.615323    9.73329    1004.08
19Z02FEB2015    -0.657277    10.3113    1003.46
20Z02FEB2015    -0.643292    10.633    1002.71
21Z02FEB2015    -0.708554    10.0083    1002.29
22Z02FEB2015    -0.988246    8.98278    1002.82
23Z02FEB2015    -0.964938    8.99677    1003.62
00Z03FEB2015    -0.918323    8.81963    1003.95
01Z31JAN2015    1.42177    -8.26025    1013.43
02Z31JAN2015    -1.22132    -9.12263    1012.87
03Z31JAN2015    2.0604    -7.36057    1013.85
04Z31JAN2015    2.52189    -3.96697    1010.85
05Z31JAN2015    3.38428    -1.41711    1017.48
06Z31JAN2015    -0.7272    -1.17005    1013.84
07Z31JAN2015    -1.85995    0.960277    1011.67
08Z31JAN2015    4.27463    5.89218    1013.65
09Z31JAN2015    4.56831    6.8478    1019.81
10Z31JAN2015    4.3026    7.03892    1025.72
11Z31JAN2015    3.92968    6.76855    1028.48
12Z31JAN2015    3.68728    6.35368    1029.86
13Z31JAN2015    3.65931    7.77545    1026.51
14Z31JAN2015    3.2118    7.34658    1024.36
15Z31JAN2015    2.04642    7.55635    1020.69
16Z31JAN2015    1.83198    9.62608    1016.02
17Z31JAN2015    -0.512769    10.26    1013.67
18Z31JAN2015    -2.55452    10.936    1007.61
19Z31JAN2015    -4.10682    10.5724    1002.98
20Z31JAN2015    -5.04845    11.5606    1002.3
21Z31JAN2015    -6.50285    11.5606    1007.02
22Z31JAN2015    -9.89178    11.8077    1011.32
23Z31JAN2015    -8.94549    12.6701    1011.62
00Z01FEB2015    -8.36746    10.9406    1012.74
01Z01FEB2015    -8.19965    10.5164    1015.82
02Z01FEB2015    -7.41651    11.7471    1018.25
03Z01FEB2015    -6.53548    11.528    1021.36
04Z01FEB2015    -7.24403    10.7542    1022.36
05Z01FEB2015    -8.07845    11.5839    1022.16
06Z01FEB2015    -9.03872    12.5628    1021.23
07Z01FEB2015    -9.37902    13.029    1022.31
08Z01FEB2015    -9.64472    13.304    1023.1
09Z01FEB2015    -9.29511    14.1431    1019.57
10Z01FEB2015    -8.91752    14.3296    1017.28
11Z01FEB2015    -8.63783    14.1804    1015.42
12Z01FEB2015    -8.07845    14.3855    1014.89
13Z01FEB2015    -7.50508    14.1012    1013.79
14Z01FEB2015    -7.02028    14.1198    1013.26
15Z01FEB2015    -7.49109    14.5487    1010.75
16Z01FEB2015    -7.80342    14.6093    1008.87
17Z01FEB2015    -8.39077    14.9123    1008.24
18Z01FEB2015    -9.28578    15.8119    1009.54
19Z01FEB2015    -10.5258    15.9518    1011.46
20Z01FEB2015    -10.4931    16.8561    1014.77
21Z01FEB2015    -10.936    16.5718    1016.11
22Z01FEB2015    -11.0199    15.8166    1015.31
23Z01FEB2015    -10.922    16.4179    1014.94
00Z02FEB2015    -11.6212    15.6208    1014.42
01Z02FEB2015    -10.9966    15.0195    1012.8
02Z02FEB2015    -9.84983    13.0756    1010.5
03Z02FEB2015    -8.46069    12.3065    1008.6
04Z02FEB2015    -7.44448    12.2505    1006.6
05Z02FEB2015    -7.47245    12.7773    1004.5
06Z02FEB2015    -7.00629    12.3904    1003.28
07Z02FEB2015    -8.14837    13.1176    1000.92
08Z02FEB2015    -7.80808    13.6583    999.173
09Z02FEB2015    -7.46312    13.8681    999.627
10Z02FEB2015    -6.74525    13.6303    1001.54
11Z02FEB2015    -5.34678    13.4159    1002.81
12Z02FEB2015    -4.61026    13.5324    1002.95
13Z02FEB2015    -4.10682    13.4392    1001.88
14Z02FEB2015    -3.68728    13.001    1000.65
15Z02FEB2015    -3.47751    12.6654    999.95
16Z02FEB2015    -3.01602    12.4789    1000.95
17Z02FEB2015    -3.28172    12.4277    1001.27
18Z02FEB2015    -3.14188    13.2667    1002.69
19Z02FEB2015    -3.83178    13.1688    1004.57
20Z02FEB2015    -3.61735    13.7935    1005.86
21Z02FEB2015    -3.93434    13.1036    1005.71
22Z02FEB2015    -4.58695    12.9824    1005.22
23Z02FEB2015    -4.47974    13.1176    1004.72
00Z03FEB2015    -4.54966    12.768    1003.79
01Z03FEB2015    -4.61026    11.9429    1002.14
02Z03FEB2015    -4.50305    11.6678    1000.08
03Z03FEB2015    -4.28862    11.1644    998.21
04Z03FEB2015    -4.13478    10.3067    997.197
05Z03FEB2015    -4.05554    9.27646    996.855
06Z03FEB2015    -2.35408    8.15303    996.917
07Z03FEB2015    -1.14208    7.59831    997.806
08Z03FEB2015    0.685246    7.91995    999.037
09Z03FEB2015    0.0279692    7.92928    1001.74
10Z03FEB2015    -0.233077    7.35125    1003.77
11Z03FEB2015    1.37515    7.75214    1005.84
12Z03FEB2015    2.96474    8.10175    1007.05
13Z03FEB2015    2.86685    8.32085    1007.69
14Z03FEB2015    1.9998    8.20431    1006.5
15Z03FEB2015    0.144508    8.07845    1005.57
16Z03FEB2015    -0.909    8.76369    1004.69
17Z03FEB2015    -1.05351    8.52129    1003.16
18Z03FEB2015    -0.997569    8.02251    1002.64
19Z03FEB2015    0.0279692    7.47245    1002.73
20Z03FEB2015    0.130523    6.68465    1002.38
21Z03FEB2015    -0.456831    7.47245    1002.19
22Z03FEB2015    -0.522092    7.70086    1001.57
23Z03FEB2015    0.214431    6.95035    1001.82
00Z04FEB2015    -1.0302    7.0902    1001.98
            
            
            
            
            
            
            
            
            
            
            
            
            
            
            
            
            
            
            
            
            
            
            
            
            
            
            
            
            
            
            
            
            
            
            
            
            
            
            
            
            
            
            
            
            
            
            
            
            
            
            
            
            
            
            
            
            
            
            
            
            
            
            
            
            
            
            
            
            
            
            
            
            
            
            
            
            
            
            
            
            
            
            
            
            
            
            
            
            
            
            
            
            
            
            
            
            
            
            
            
            
            
            
            
            
            
            
            
            
            
            
            
            
            
            
            
            
            
            
            
            
            
            
            
            
            
            
            
            
            
            
            
            
            
            
            
            
            
            
            
            
            
            
            
