tyd    u    v    psl
01Z30JAN2015    4.64755    -4.0602    1010.55
02Z30JAN2015    5.6358    -5.20694    1010.58
03Z30JAN2015    5.59385    -6.4842    1008.37
04Z30JAN2015    6.12526    -8.16702    1010.83
05Z30JAN2015    4.53568    -6.97832    1012.55
06Z30JAN2015    5.09506    -9.02474    1009.53
07Z30JAN2015    5.66843    -9.90111    1010.06
08Z30JAN2015    5.03446    -8.53994    1005.65
09Z30JAN2015    5.2116    -6.66134    1002.43
10Z30JAN2015    5.99008    -5.52858    1011.61
11Z30JAN2015    6.35368    -7.40252    1019.37
12Z30JAN2015    6.666    -7.65891    1025.14
13Z30JAN2015    8.19032    -7.95258    1025.24
14Z30JAN2015    8.43738    -8.63783    1022.23
15Z30JAN2015    6.363    -8.11108    1011.98
16Z30JAN2015    4.00892    -6.87577    1008.56
17Z30JAN2015    6.20451    -6.51683    1004.24
18Z30JAN2015    5.01582    -5.44468    996.954
19Z30JAN2015    5.70106    -5.99008    987.488
20Z30JAN2015    4.82469    -5.5752    994.593
21Z30JAN2015    4.20005    -5.93414    1005.36
22Z30JAN2015    3.10925    -7.44448    1012.01
23Z30JAN2015    4.68951    -4.93657    1010.61
00Z31JAN2015    5.52392    -2.80158    1009.65
01Z31JAN2015    6.40495    -3.06263    1009.52
02Z31JAN2015    5.00649    6.43292    1014.95
03Z31JAN2015    -1.04418    1.12343    1020.94
04Z31JAN2015    2.01845    2.78294    1021.75
05Z31JAN2015    1.72477    3.26308    1018.63
06Z31JAN2015    2.14897    4.66154    1017.63
07Z31JAN2015    -1.62688    5.85955    1016.22
08Z31JAN2015    -1.8786    6.33037    1015.3
09Z31JAN2015    -1.44974    8.03649    1014.16
10Z31JAN2015    -1.88326    8.02717    1012.76
11Z31JAN2015    -0.829754    8.85226    1013.59
12Z31JAN2015    -0.913662    8.58655    1018.32
13Z31JAN2015    -2.20491    8.62385    1020.5
14Z31JAN2015    -2.34942    8.35814    1018.39
15Z31JAN2015    -1.3938    9.29511    1013.47
16Z31JAN2015    -1.58026    9.47225    1011.39
17Z31JAN2015    -1.7574    9.76592    1006.69
18Z31JAN2015    -2.727    10.4652    1009.52
19Z31JAN2015    -2.55452    10.4279    1015.56
20Z31JAN2015    -1.60823    10.6236    1019.81
21Z31JAN2015    -2.32611    10.5164    1018.79
22Z31JAN2015    -2.95542    11.3136    1017.8
23Z31JAN2015    -4.24666    10.4279    1018.07
00Z01FEB2015    -3.86442    10.8754    1018.48
01Z01FEB2015    -4.21869    10.8334    1017.58
02Z01FEB2015    -5.92948    10.5024    1017.82
03Z01FEB2015    -7.23471    11.1178    1015.6
04Z01FEB2015    -6.24646    11.0059    1014.05
05Z01FEB2015    -5.10905    11.0898    1012.88
06Z01FEB2015    -4.83402    11.183    1010.18
07Z01FEB2015    -5.93414    10.6563    1004.61
08Z01FEB2015    -5.49129    9.98502    1001.84
09Z01FEB2015    -5.04845    10.3579    1003.33
10Z01FEB2015    -5.8176    11.1224    1008.38
11Z01FEB2015    -6.01338    10.1528    1011.89
12Z01FEB2015    -6.26045    9.62608    1010.78
13Z01FEB2015    -5.57986    10.7728    1006.46
14Z01FEB2015    -5.93414    9.4536    1004.57
15Z01FEB2015    -5.82692    9.77525    1002.55
16Z01FEB2015    -5.64046    9.98502    1001.16
17Z01FEB2015    -5.65911    10.0643    1000.53
18Z01FEB2015    -4.90394    10.6097    1001.55
19Z01FEB2015    -4.49838    10.7495    1002.94
20Z01FEB2015    -6.01338    11.817    1004.56
21Z01FEB2015    -7.00629    11.1224    1006.06
22Z01FEB2015    -8.11108    11.3975    1008.26
23Z01FEB2015    -8.63317    11.1784    1007.89
00Z02FEB2015    -7.78011    10.6842    1008.11
01Z02FEB2015    -8.02717    9.87314    1008.14
02Z02FEB2015    -6.76389    9.04338    1005.79
03Z02FEB2015    -6.94569    8.45603    1004.72
04Z02FEB2015    -5.82692    6.87577    1002.69
05Z02FEB2015    -3.55209    6.56811    1000.16
06Z02FEB2015    -1.39846    6.15789    998.508
07Z02FEB2015    -1.40312    4.91326    1000.09
08Z02FEB2015    -1.85529    4.91792    1001.79
09Z02FEB2015    -0.974262    6.74525    1003.11
10Z02FEB2015    -0.0139846    5.757    1004.92
11Z02FEB2015    0.0792462    6.04135    1007.06
12Z02FEB2015    1.12809    6.15323    1007.78
13Z02FEB2015    1.26794    6.28375    1008.29
14Z02FEB2015    0.624646    6.41428    1007.22
15Z02FEB2015    -0.209769    7.12749    1005.32
16Z02FEB2015    -1.212    8.22762    1004.3
17Z02FEB2015    -1.78071    8.33017    1004.51
18Z02FEB2015    -1.85529    9.33706    1004.38
19Z02FEB2015    -1.50568    9.55149    1003.79
20Z02FEB2015    -1.77138    9.52818    1002.87
21Z02FEB2015    -2.4846    8.58655    1002.47
22Z02FEB2015    -2.58249    8.44671    1003.15
23Z02FEB2015    -1.82732    8.65182    1003.93
00Z03FEB2015    -1.73875    8.40475    1004.28
01Z31JAN2015    5.65911    -7.66357    1013.26
02Z31JAN2015    3.44488    -9.66337    1012.83
03Z31JAN2015    4.97386    -8.74971    1014.55
04Z31JAN2015    4.28862    -5.6358    1011.32
05Z31JAN2015    3.9996    3.49149    1017.33
06Z31JAN2015    6.40495    4.94589    1013.7
07Z31JAN2015    5.94812    6.29774    1011.94
08Z31JAN2015    5.00183    4.91792    1013.73
09Z31JAN2015    4.83868    6.96434    1019.98
10Z31JAN2015    3.00669    6.1812    1026.25
11Z31JAN2015    3.02534    5.35611    1028.52
12Z31JAN2015    4.35388    4.62891    1029.85
13Z31JAN2015    3.16518    4.58695    1026.83
14Z31JAN2015    3.10458    6.26045    1024.08
15Z31JAN2015    0.205108    5.35611    1020.79
16Z31JAN2015    1.82732    8.62385    1016.22
17Z31JAN2015    -0.0745846    9.57014    1013.77
18Z31JAN2015    -2.35874    10.0456    1007.64
19Z31JAN2015    -4.13478    8.7264    1003.18
20Z31JAN2015    -5.88752    9.54683    1002.57
21Z31JAN2015    -5.96211    10.1668    1007.78
22Z31JAN2015    -7.12749    11.8916    1011.36
23Z31JAN2015    -8.86625    9.19722    1012.4
00Z01FEB2015    -9.03406    8.52595    1013.43
01Z01FEB2015    -7.40718    7.85935    1016.5
02Z01FEB2015    -6.4842    10.0689    1019.25
03Z01FEB2015    -7.19275    9.696    1021.93
04Z01FEB2015    -6.969    9.47691    1022.67
05Z01FEB2015    -8.38145    9.73329    1022.37
06Z01FEB2015    -9.20188    10.9546    1021.97
07Z01FEB2015    -9.3324    11.1504    1023
08Z01FEB2015    -9.42563    11.4674    1023.2
09Z01FEB2015    -8.97346    11.7611    1020.64
10Z01FEB2015    -9.54683    12.1107    1018.18
11Z01FEB2015    -8.67978    12.0501    1015.9
12Z01FEB2015    -8.61918    11.7704    1015.68
13Z01FEB2015    -8.05514    11.2343    1014.38
14Z01FEB2015    -7.84537    11.5    1013.9
15Z01FEB2015    -7.91995    11.7005    1011.4
16Z01FEB2015    -8.39543    11.8217    1009.24
17Z01FEB2015    -8.96414    12.2692    1008.95
18Z01FEB2015    -9.60743    12.8845    1010.19
19Z01FEB2015    -10.2367    14.4228    1012.46
20Z01FEB2015    -11.3182    15.108    1015.62
21Z01FEB2015    -11.5699    14.558    1016.64
22Z01FEB2015    -10.4139    12.7446    1015.92
23Z01FEB2015    -11.1504    12.2925    1016.09
00Z02FEB2015    -11.1318    11.9941    1015.49
01Z02FEB2015    -11.6678    11.7564    1013.6
02Z02FEB2015    -10.8754    10.9686    1011.6
03Z02FEB2015    -10.5258    10.9733    1009.56
04Z02FEB2015    -10.1668    10.9127    1007.3
05Z02FEB2015    -9.90111    10.7915    1005.38
06Z02FEB2015    -9.15526    11.2343    1003.93
07Z02FEB2015    -9.63074    11.9941    1001.68
08Z02FEB2015    -9.24849    12.3018    999.901
09Z02FEB2015    -8.5446    12.0221    1000.47
10Z02FEB2015    -7.23937    11.5606    1002.57
11Z02FEB2015    -6.81983    11.4348    1003.75
12Z02FEB2015    -6.363    10.9639    1003.96
13Z02FEB2015    -5.43535    10.7169    1002.44
14Z02FEB2015    -4.62891    10.8894    1000.81
15Z02FEB2015    -4.58695    10.4418    1000.88
16Z02FEB2015    -3.79915    10.1761    1001.25
17Z02FEB2015    -4.01358    9.71465    1001.45
18Z02FEB2015    -4.58229    9.78923    1003.41
19Z02FEB2015    -3.97629    10.6423    1005.1
20Z02FEB2015    -5.16032    10.5211    1006.77
21Z02FEB2015    -5.94812    10.6703    1006.03
22Z02FEB2015    -5.68242    10.4885    1006.31
23Z02FEB2015    -6.28842    9.83585    1005.67
00Z03FEB2015    -5.67309    9.393    1004.1
01Z03FEB2015    -5.89218    9.07135    1002.82
02Z03FEB2015    -5.60783    8.51663    1001.14
03Z03FEB2015    -5.74302    7.878    998.974
04Z03FEB2015    -4.72214    7.81274    997.769
05Z03FEB2015    -4.24666    7.24403    997.321
06Z03FEB2015    -2.60114    7.32328    997.377
07Z03FEB2015    -2.09769    7.3326    997.999
08Z03FEB2015    -1.00689    7.22538    999.124
09Z03FEB2015    -0.550062    6.52615    1002.01
10Z03FEB2015    0.606    6.08797    1004.25
11Z03FEB2015    1.86928    5.52858    1006.26
12Z03FEB2015    2.14897    5.28618    1007.62
13Z03FEB2015    1.46372    5.60317    1007.91
14Z03FEB2015    2.03243    6.56811    1007.32
15Z03FEB2015    0.596677    6.49818    1006.24
16Z03FEB2015    1.25862    6.57277    1004.53
17Z03FEB2015    -0.797123    5.44468    1003.56
18Z03FEB2015    0.330969    5.06243    1003.01
19Z03FEB2015    -0.4848    4.76409    1003.19
20Z03FEB2015    -0.596677    4.94123    1002.51
21Z03FEB2015    -0.0279692    5.31882    1002.78
22Z03FEB2015    -0.633969    4.60094    1002.21
23Z03FEB2015    -0.452169    5.22558    1001.99
00Z04FEB2015    -1.42643    5.49129    1002.56
            
            
            
            
            
            
            
            
            
            
            
            
            
            
            
            
            
            
            
            
            
            
            
            
            
            
            
            
            
            
            
            
            
            
            
            
            
            
            
            
            
            
            
            
            
            
            
            
            
            
            
            
            
            
            
            
            
            
            
            
            
            
            
            
            
            
            
            
            
            
            
            
            
            
            
            
            
            
            
            
            
            
            
            
            
            
            
            
            
            
            
            
            
            
            
            
            
            
            
            
            
            
            
            
            
            
            
            
            
            
            
            
            
            
            
            
            
            
            
            
            
            
            
            
            
            
            
            
            
            
            
            
            
            
            
            
            
            
            
            
            
            
            
            
