tyd    u    v    psl
01Z30JAN2015    3.76652    -2.50325    1009.39
02Z30JAN2015    0.633969    -0.759831    1009.33
03Z30JAN2015    1.07215    -1.72477    1006.93
04Z30JAN2015    1.90191    -1.10012    1008.98
05Z30JAN2015    3.72923    -0.675923    1011.4
06Z30JAN2015    4.88063    -0.922985    1007.69
07Z30JAN2015    4.14877    -0.699231    1008.76
08Z30JAN2015    8.47934    0.573369    1003.48
09Z30JAN2015    11.0245    2.31212    1000.09
10Z30JAN2015    12.7913    1.41711    1009.44
11Z30JAN2015    13.8821    -1.70146    1017.42
12Z30JAN2015    7.90597    -1.82732    1022.8
13Z30JAN2015    8.41874    1.55229    1023.33
14Z30JAN2015    11.7144    3.55675    1020.33
15Z30JAN2015    11.514    1.53365    1010.17
16Z30JAN2015    10.7169    2.86685    1007.3
17Z30JAN2015    11.0712    1.74808    1003.51
18Z30JAN2015    8.01785    2.67572    996.246
19Z30JAN2015    7.09486    2.35874    986.823
20Z30JAN2015    4.56831    -0.661938    993.809
21Z30JAN2015    0.783138    -2.02777    1004.19
22Z30JAN2015    4.86198    -0.321646    1011.38
23Z30JAN2015    1.34252    -0.624646    1009.62
00Z31JAN2015    -2.3634    1.38914    1008.14
01Z31JAN2015    5.85955    4.43778    1008.6
02Z31JAN2015    10.3812    -0.936969    1013.62
03Z31JAN2015    7.56102    4.35854    1020.48
04Z31JAN2015    3.83645    3.91569    1021.82
05Z31JAN2015    2.76429    3.80848    1018.48
06Z31JAN2015    2.29348    4.76875    1017.66
07Z31JAN2015    2.83888    5.59385    1015.94
08Z31JAN2015    0.587354    6.11594    1015.19
09Z31JAN2015    -0.624646    6.39097    1014.1
10Z31JAN2015    -0.456831    6.363    1012.61
11Z31JAN2015    0.111877    6.38631    1013.17
12Z31JAN2015    -0.116538    6.30706    1017.88
13Z31JAN2015    -0.708554    6.36766    1020.59
14Z31JAN2015    -1.27726    6.01805    1018.24
15Z31JAN2015    -0.671262    6.88975    1013.28
16Z31JAN2015    -1.44974    7.58898    1011.04
17Z31JAN2015    -2.25152    7.56568    1007.22
18Z31JAN2015    -2.85286    6.61006    1009.56
19Z31JAN2015    -3.62668    6.60074    1015.41
20Z31JAN2015    -3.0906    7.05291    1019.68
21Z31JAN2015    -2.77362    6.52615    1018.66
22Z31JAN2015    -3.8784    5.96211    1018.37
23Z31JAN2015    -5.16032    3.90171    1018.34
00Z01FEB2015    -5.19295    3.03466    1018.78
01Z01FEB2015    -5.78963    2.98338    1017.69
02Z01FEB2015    -7.09486    3.06263    1018.38
03Z01FEB2015    -6.91306    2.82955    1016
04Z01FEB2015    -7.5144    2.9694    1014.32
05Z01FEB2015    -6.67998    2.69437    1013.25
06Z01FEB2015    -5.54257    2.62445    1010.31
07Z01FEB2015    -3.91569    3.85975    1004.8
08Z01FEB2015    -4.47508    5.72903    1001.93
09Z01FEB2015    -5.04378    6.25112    1003.95
10Z01FEB2015    -5.42137    6.53082    1008.27
11Z01FEB2015    -6.13925    7.01095    1011.86
12Z01FEB2015    -4.36786    8.21829    1010.95
13Z01FEB2015    -5.56122    7.88266    1006.48
14Z01FEB2015    -6.55878    7.43515    1004.48
15Z01FEB2015    -5.79429    7.8174    1001.85
16Z01FEB2015    -5.71971    8.45603    1000.87
17Z01FEB2015    -4.60094    7.75214    999.571
18Z01FEB2015    -2.9694    6.08797    1001.59
19Z01FEB2015    -2.08837    4.27929    1005.41
20Z01FEB2015    -2.62445    3.47751    1005.49
21Z01FEB2015    -4.46575    3.10925    1007.51
22Z01FEB2015    -4.80138    2.20491    1008.87
23Z01FEB2015    -3.55675    0.139846    1008.81
00Z02FEB2015    -1.85063    -0.815769    1009.59
01Z02FEB2015    -3.41691    -0.2424    1009.5
02Z02FEB2015    -1.48237    -1.24463    1007.51
03Z02FEB2015    -0.237738    -1.10012    1004.42
04Z02FEB2015    -0.815769    -0.6666    1002.02
05Z02FEB2015    -0.251723    -0.936969    999.428
06Z02FEB2015    0.111877    -0.0606    997.781
07Z02FEB2015    0.433523    1.48703    997.247
08Z02FEB2015    1.13742    2.75497    1000.64
09Z02FEB2015    3.80848    2.75497    1004.11
10Z02FEB2015    2.20491    3.32368    1004.03
11Z02FEB2015    0.741185    3.86908    1006.63
12Z02FEB2015    1.08148    4.60094    1007.35
13Z02FEB2015    1.37515    5.09506    1007.68
14Z02FEB2015    1.43109    5.35611    1006.87
15Z02FEB2015    0.722538    5.60783    1004.71
16Z02FEB2015    -0.708554    6.03203    1003.98
17Z02FEB2015    -0.769154    6.00872    1004.3
18Z02FEB2015    -0.941631    5.14634    1004.36
19Z02FEB2015    -0.6666    5.73835    1003.41
20Z02FEB2015    -0.904338    4.83402    1002.52
21Z02FEB2015    -0.834415    5.00183    1002.17
22Z02FEB2015    -1.41245    4.50305    1002.72
23Z02FEB2015    -2.02311    4.07885    1003.92
00Z03FEB2015    -3.06263    2.87151    1004.2
01Z31JAN2015    3.79915    -2.29814    1011.8
02Z31JAN2015    0.610662    -2.13965    1011.42
03Z31JAN2015    6.13925    -0.992908    1011.83
04Z31JAN2015    13.9753    -1.23997    1009.92
05Z31JAN2015    11.2017    3.4542    1016.47
06Z31JAN2015    10.2694    2.48926    1013.17
07Z31JAN2015    10.9033    3.38894    1011.43
08Z31JAN2015    8.65182    3.55675    1013.31
09Z31JAN2015    6.28842    5.37942    1019.86
10Z31JAN2015    7.02494    5.32814    1025.43
11Z31JAN2015    5.84091    4.02291    1028.18
12Z31JAN2015    6.23714    4.53102    1029.44
13Z31JAN2015    5.84091    5.09972    1026.71
14Z31JAN2015    4.08351    4.848    1024.41
15Z31JAN2015    2.65242    4.62425    1020.96
16Z31JAN2015    2.30746    6.44691    1016.54
17Z31JAN2015    1.05351    7.22072    1014.27
18Z31JAN2015    -2.07905    6.6054    1008.34
19Z31JAN2015    -4.31192    4.77342    1004.01
20Z31JAN2015    -5.45866    1.73875    1003.37
21Z31JAN2015    -6.67532    1.95785    1008.45
22Z31JAN2015    -7.96191    2.21423    1012.82
23Z31JAN2015    -6.70795    1.30523    1013.21
00Z01FEB2015    -2.67106    -0.0326308    1014.02
01Z01FEB2015    -2.05108    -0.4242    1016.93
02Z01FEB2015    -3.02068    0.461492    1019.4
03Z01FEB2015    -4.75477    1.3332    1022.48
04Z01FEB2015    -6.07398    1.58026    1023.52
05Z01FEB2015    -7.2114    1.90191    1023.56
06Z01FEB2015    -6.79652    2.61512    1023.16
07Z01FEB2015    -6.41894    2.9088    1023.83
08Z01FEB2015    -6.07398    4.44245    1024.24
09Z01FEB2015    -6.10662    5.57986    1021.33
10Z01FEB2015    -7.02494    7.72883    1018.68
11Z01FEB2015    -6.66134    8.64715    1016.39
12Z01FEB2015    -6.82915    8.51197    1016.05
13Z01FEB2015    -6.88975    8.96414    1014.61
14Z01FEB2015    -6.89908    10.6143    1013.86
15Z01FEB2015    -7.44448    11.0292    1011.32
16Z01FEB2015    -8.11108    9.76126    1009.35
17Z01FEB2015    -8.95948    8.99677    1009.53
18Z01FEB2015    -9.01075    7.46778    1010.94
19Z01FEB2015    -9.21586    6.40962    1013.15
20Z01FEB2015    -9.56548    5.07642    1016.38
21Z01FEB2015    -10.1342    3.24909    1017.96
22Z01FEB2015    -10.8381    3.15586    1017.15
23Z01FEB2015    -9.3324    2.63843    1017.38
00Z02FEB2015    -8.55392    2.25152    1016.96
01Z02FEB2015    -6.96434    1.32388    1015.35
02Z02FEB2015    -2.73166    0.303    1012.8
03Z02FEB2015    -1.89258    -0.1818    1010.75
04Z02FEB2015    -0.867046    -1.04885    1008.42
05Z02FEB2015    -0.769154    -0.773815    1006.31
06Z02FEB2015    -3.36097    0.932308    1004.93
07Z02FEB2015    -5.57986    2.87151    1002.33
08Z02FEB2015    -5.35611    4.27463    1000.37
09Z02FEB2015    -5.37942    5.67775    1000.55
10Z02FEB2015    -5.6964    7.77078    1002.16
11Z02FEB2015    -5.79895    9.03406    1003.47
12Z02FEB2015    -5.50528    9.42563    1003.46
13Z02FEB2015    -5.58452    9.54683    1002.07
14Z02FEB2015    -5.01582    9.35105    1000.48
15Z02FEB2015    -5.19295    8.81497    1000.38
16Z02FEB2015    -4.89462    8.16702    1000.85
17Z02FEB2015    -4.95522    7.66357    1001.44
18Z02FEB2015    -4.83402    7.71485    1002.8
19Z02FEB2015    -5.92482    7.77545    1005.68
20Z02FEB2015    -6.57743    6.66134    1006.6
21Z02FEB2015    -6.40962    4.93657    1006.14
22Z02FEB2015    -6.41894    2.08371    1006.36
23Z02FEB2015    -6.20451    1.83665    1005.99
00Z03FEB2015    -5.64512    1.61289    1004.47
01Z03FEB2015    -4.83402    0.354277    1003.47
02Z03FEB2015    -0.475477    -1.60357    1001.44
03Z03FEB2015    -0.452169    -1.28658    999.204
04Z03FEB2015    -0.764492    -1.47771    998.042
05Z03FEB2015    -0.7878    -1.66883    997.47
06Z03FEB2015    0.265708    -0.0839077    997.408
07Z03FEB2015    0.685246    1.02554    997.675
08Z03FEB2015    -0.284354    3.52878    998.887
09Z03FEB2015    0.601338    3.90171    1001.36
10Z03FEB2015    0.489462    4.35388    1003.68
11Z03FEB2015    1.50102    4.92725    1005.72
12Z03FEB2015    2.04642    5.08574    1007.2
13Z03FEB2015    1.71545    5.09506    1007.81
14Z03FEB2015    0.950954    5.47265    1006.82
15Z03FEB2015    -0.825092    5.34678    1005.71
16Z03FEB2015    -0.349615    5.67309    1004.55
17Z03FEB2015    -0.321646    5.05777    1003.27
18Z03FEB2015    -0.0792462    5.02514    1002.8
19Z03FEB2015    0.125862    3.66397    1002.87
20Z03FEB2015    -0.149169    3.85043    1002.37
21Z03FEB2015    -1.29125    3.21646    1002.3
22Z03FEB2015    -1.30057    2.80158    1002.09
23Z03FEB2015    -2.07438    1.88792    1001.89
00Z04FEB2015    -2.58715    0.405554    1002.37
            
            
            
            
            
            
            
            
            
            
            
            
            
            
            
            
            
            
            
            
            
            
            
            
            
            
            
            
            
            
            
            
            
            
            
            
            
            
            
            
            
            
            
            
            
            
            
            
            
            
            
            
            
            
            
            
            
            
            
            
            
            
            
            
            
            
            
            
            
            
            
            
            
            
            
            
            
            
            
            
            
            
            
            
            
            
            
            
            
            
            
            
            
            
            
            
            
            
            
            
            
            
            
            
            
            
            
            
            
            
            
            
            
            
            
            
            
            
            
            
            
            
            
            
            
            
            
            
            
            
            
            
            
            
            
            
            
            
            
            
            
            
            
            
