tyd    u    v    psl
01Z30JAN2015    6.5448    -1.42177    1010.9
02Z30JAN2015    6.30706    -2.11168    1010.29
03Z30JAN2015    7.02028    -2.37738    1008.28
04Z30JAN2015    7.72883    -2.21423    1009.99
05Z30JAN2015    7.08088    -1.77605    1012.57
06Z30JAN2015    7.90597    -2.2422    1009.58
07Z30JAN2015    4.08351    -3.84577    1010.1
08Z30JAN2015    5.03912    -2.44731    1005.56
09Z30JAN2015    5.58918    -2.30746    1001.04
10Z30JAN2015    9.04338    -3.83178    1011.51
11Z30JAN2015    11.1644    -4.47974    1019.82
12Z30JAN2015    12.1759    -5.67309    1024.15
13Z30JAN2015    12.409    -4.73612    1024.4
14Z30JAN2015    12.8425    -4.50771    1021.26
15Z30JAN2015    12.381    -3.88306    1011.24
16Z30JAN2015    11.9568    -1.75274    1007.53
17Z30JAN2015    8.89422    0.592015    1004.46
18Z30JAN2015    5.25355    1.51966    997.091
19Z30JAN2015    4.09283    1.28658    988.054
20Z30JAN2015    2.92278    -1.09546    993.455
21Z30JAN2015    3.17917    -0.326308    1005.03
22Z30JAN2015    3.28172    0.582692    1012.34
23Z30JAN2015    3.27706    -0.368262    1010.46
00Z31JAN2015    4.60094    -0.237738    1009.09
01Z31JAN2015    5.11837    0.349615    1008.54
02Z31JAN2015    5.8782    -1.1514    1014.43
03Z31JAN2015    4.94123    -1.17937    1020.49
04Z31JAN2015    3.5148    -0.382246    1021.65
05Z31JAN2015    2.75031    -2.41468    1017.02
06Z31JAN2015    0.932308    -1.67349    1015.62
07Z31JAN2015    -4.51237    -1.16538    1013.32
08Z31JAN2015    -4.70349    -1.42177    1012.62
09Z31JAN2015    3.17917    -0.167815    1011.45
10Z31JAN2015    4.06486    0.517431    1011.13
11Z31JAN2015    4.24666    0.470815    1011.55
12Z31JAN2015    4.90394    1.02554    1016.61
13Z31JAN2015    4.57763    1.19335    1019.25
14Z31JAN2015    4.75477    1.74342    1016.22
15Z31JAN2015    5.36077    1.47305    1011.34
16Z31JAN2015    5.95278    2.10235    1008.07
17Z31JAN2015    2.93211    -0.0885692    1003.88
18Z31JAN2015    -0.550062    0.554723    1006.46
19Z31JAN2015    -3.7572    0.983585    1012.55
20Z31JAN2015    -1.23065    -0.410215    1017.23
21Z31JAN2015    2.15363    -0.149169    1015.86
22Z31JAN2015    0.0279692    -0.508108    1015.43
23Z31JAN2015    -1.85063    0.806446    1014.85
00Z01FEB2015    -2.65708    0.573369    1016.19
01Z01FEB2015    -2.67106    -0.139846    1014.64
02Z01FEB2015    -4.14411    2.31212    1015.03
03Z01FEB2015    -2.59182    0.764492    1013.06
04Z01FEB2015    1.49169    -0.414877    1011.39
05Z01FEB2015    1.05817    0.610662    1010.82
06Z01FEB2015    1.85063    -0.503446    1007.64
07Z01FEB2015    -0.909    -0.657277    1001.83
08Z01FEB2015    0.820431    0.135185    999.745
09Z01FEB2015    1.25395    1.00689    1001.55
10Z01FEB2015    0.862385    1.26328    1006.38
11Z01FEB2015    1.71078    0.797123    1009.74
12Z01FEB2015    1.85995    1.95785    1008.36
13Z01FEB2015    1.92055    0.8484    1003.92
14Z01FEB2015    3.04865    2.19092    1002.08
15Z01FEB2015    2.82489    1.60357    1000.63
16Z01FEB2015    4.848    1.14674    998.95
17Z01FEB2015    3.48217    0.480138    998.005
18Z01FEB2015    1.79469    -0.657277    998.931
19Z01FEB2015    1.49169    -1.61755    1000.26
20Z01FEB2015    -0.153831    -0.736523    1001.58
21Z01FEB2015    -3.79449    1.70612    1004.59
22Z01FEB2015    -3.00203    0.0326308    1006.71
23Z01FEB2015    -2.727    0.438185    1006.66
00Z02FEB2015    -2.55452    0.312323    1006.86
01Z02FEB2015    -3.06729    -0.414877    1006.93
02Z02FEB2015    -4.05554    1.42643    1005.38
03Z02FEB2015    -1.79935    -0.209769    1003.23
04Z02FEB2015    -0.801785    -0.867046    1001.27
05Z02FEB2015    0.675923    0.997569    998.539
06Z02FEB2015    2.39603    -0.144508    996.401
07Z02FEB2015    2.23288    -0.195785    997.644
08Z02FEB2015    2.38205    -0.214431    1000.72
09Z02FEB2015    3.23977    -0.0885692    1003.3
10Z02FEB2015    4.43778    -0.4242    1004.89
11Z02FEB2015    5.24423    0.307662    1006.33
12Z02FEB2015    4.63823    -0.0699231    1006.88
13Z02FEB2015    6.79652    0.438185    1007.15
14Z02FEB2015    7.71951    1.58492    1006.18
15Z02FEB2015    8.14371    1.54763    1004.02
16Z02FEB2015    7.41185    1.12343    1003.16
17Z02FEB2015    7.13682    -0.512769    1002.78
18Z02FEB2015    4.85732    -1.10478    1002.68
19Z02FEB2015    3.14188    -1.4544    1002.57
20Z02FEB2015    2.66174    -1.22598    1001.49
21Z02FEB2015    2.5452    -1.70146    1001.07
22Z02FEB2015    2.53588    -1.66417    1001.52
23Z02FEB2015    1.75274    -1.65951    1002.48
00Z03FEB2015    1.67349    0.792462    1003.41
01Z31JAN2015    6.35368    -0.0372923    1014.2
02Z31JAN2015    5.85955    -1.69214    1013.89
03Z31JAN2015    6.98765    -0.349615    1013.35
04Z31JAN2015    5.65445    -0.885692    1010.59
05Z31JAN2015    7.8174    -1.32388    1016.87
06Z31JAN2015    6.27909    -0.731862    1013.95
07Z31JAN2015    3.90171    -1.0908    1011.35
08Z31JAN2015    4.50305    -1.53365    1013.09
09Z31JAN2015    3.06263    -0.815769    1019.62
10Z31JAN2015    4.56365    -0.661938    1025.91
11Z31JAN2015    5.26288    0.0559385    1028.28
12Z31JAN2015    9.15526    0.111877    1029.61
13Z31JAN2015    7.84071    1.72011    1025.33
14Z31JAN2015    8.07378    1.46372    1023.04
15Z31JAN2015    7.16012    0.233077    1019.08
16Z31JAN2015    7.29065    0.158492    1013.74
17Z31JAN2015    4.88063    -0.708554    1009.81
18Z31JAN2015    -3.8178    2.39137    1005.61
19Z31JAN2015    -6.59142    -3.27706    1000.7
20Z31JAN2015    -5.44002    -1.89258    1000.11
21Z31JAN2015    -4.11148    -0.312323    1005.62
22Z31JAN2015    -2.01378    -1.4544    1009.62
23Z31JAN2015    -1.92988    -1.83665    1010.59
00Z01FEB2015    -2.34475    -0.540738    1010.84
01Z01FEB2015    0.633969    -0.368262    1014.82
02Z01FEB2015    4.66154    -1.42177    1016.88
03Z01FEB2015    3.40292    -1.00223    1019.42
04Z01FEB2015    3.5754    -1.41245    1020.34
05Z01FEB2015    2.29814    0.652615    1019.96
06Z01FEB2015    0.0186462    1.40778    1019.43
07Z01FEB2015    -1.76206    -0.312323    1020.57
08Z01FEB2015    -3.09992    -0.512769    1021.08
09Z01FEB2015    -2.69903    -0.377585    1018.15
10Z01FEB2015    -0.00932308    1.37982    1015.56
11Z01FEB2015    -0.950954    3.52878    1013.61
12Z01FEB2015    -0.843738    2.68971    1013.5
13Z01FEB2015    -1.39846    1.79003    1012.6
14Z01FEB2015    -0.759831    0.233077    1011.23
15Z01FEB2015    1.70612    0.736523    1008.89
16Z01FEB2015    0.909    0.475477    1006.65
17Z01FEB2015    -4.71748    5.2116    1005.13
18Z01FEB2015    -5.24889    1.80868    1006.64
19Z01FEB2015    -2.37272    0.862385    1008.69
20Z01FEB2015    -4.05088    -1.44042    1011.82
21Z01FEB2015    -2.76429    -2.49858    1013.71
22Z01FEB2015    -2.93677    -3.38428    1013.34
23Z01FEB2015    -1.92988    -0.125862    1013.56
00Z02FEB2015    -1.88792    -1.78537    1012.67
01Z02FEB2015    -2.14431    -0.657277    1011.41
02Z02FEB2015    1.05817    -2.24686    1008.62
03Z02FEB2015    -0.7878    -1.43109    1007.23
04Z02FEB2015    -1.515    0.974262    1005.09
05Z02FEB2015    -0.4848    0.284354    1003.87
06Z02FEB2015    -0.909    -0.7272    1002.01
07Z02FEB2015    -0.0512769    -0.0139846    999.602
08Z02FEB2015    -1.23531    -0.0326308    997.943
09Z02FEB2015    -2.98805    -0.540738    998.726
10Z02FEB2015    1.84131    0.167815    1001.08
11Z02FEB2015    1.86928    0.209769    1002.15
12Z02FEB2015    2.74565    0.480138    1002.01
13Z02FEB2015    2.8482    -0.116538    1000.09
14Z02FEB2015    3.15586    -1.36117    998.968
15Z02FEB2015    5.10905    1.79469    998.564
16Z02FEB2015    6.43292    1.42643    998.564
17Z02FEB2015    5.31882    -0.433523    998.434
18Z02FEB2015    3.28638    -0.559385    999.552
19Z02FEB2015    1.5756    0.997569    1002.01
20Z02FEB2015    -2.35874    -0.689908    1003.56
21Z02FEB2015    -1.84131    0.699231    1002.64
22Z02FEB2015    -3.11857    0.950954    1002.71
23Z02FEB2015    -3.78983    0.997569    1002.69
00Z03FEB2015    -1.9998    -0.652615    1001.78
01Z03FEB2015    0.219092    0.610662    1000.57
02Z03FEB2015    1.22132    -0.950954    998.788
03Z03FEB2015    0.275031    -0.755169    997.11
04Z03FEB2015    0.340292    0.0233077    996.209
05Z03FEB2015    2.15829    -1.80402    996.277
06Z03FEB2015    1.09546    -1.83665    996.675
07Z03FEB2015    0.876369    -1.57094    997.222
08Z03FEB2015    2.23288    -1.08614    998.62
09Z03FEB2015    2.80625    -1.24929    1001.34
10Z03FEB2015    3.38894    -0.508108    1003.7
11Z03FEB2015    3.94366    -0.0652615    1005.46
12Z03FEB2015    4.64289    0.358938    1006.49
13Z03FEB2015    5.14634    0.797123    1006.92
14Z03FEB2015    5.8782    0.997569    1005.77
15Z03FEB2015    5.78031    0.927646    1004.9
16Z03FEB2015    6.62405    0.778477    1002.59
17Z03FEB2015    6.83848    -0.0606    1000.9
18Z03FEB2015    5.03912    -1.62222    1001.05
19Z03FEB2015    4.14411    -1.6362    1001.49
20Z03FEB2015    4.52635    -0.8484    1001.01
21Z03FEB2015    3.62202    -1.26328    1001.08
22Z03FEB2015    3.89705    -1.45906    1000.65
23Z03FEB2015    3.42623    0.223754    1000.09
00Z04FEB2015    4.09749    1.24463    1000.97
            
            
            
            
            
            
            
            
            
            
            
            
            
            
            
            
            
            
            
            
            
            
            
            
            
            
            
            
            
            
            
            
            
            
            
            
            
            
            
            
            
            
            
            
            
            
            
            
            
            
            
            
            
            
            
            
            
            
            
            
            
            
            
            
            
            
            
            
            
            
            
            
            
            
            
            
            
            
            
            
            
            
            
            
            
            
            
            
            
            
            
            
            
            
            
            
            
            
            
            
            
            
            
            
            
            
            
            
            
            
            
            
            
            
            
            
            
            
            
            
            
            
            
            
            
            
            
            
            
            
            
            
            
            
            
            
            
            
            
            
            
            
            
            
