tyd    u    v    psl
01Z30JAN2015    6.03203    -8.69843    1009.55
02Z30JAN2015    5.84557    -9.42097    1009.85
03Z30JAN2015    7.11817    -9.92442    1007.56
04Z30JAN2015    8.0598    -9.18323    1008.82
05Z30JAN2015    4.96454    -9.57014    1011.73
06Z30JAN2015    8.25558    -10.4558    1007.76
07Z30JAN2015    7.24869    -8.92218    1008.79
08Z30JAN2015    6.11128    -8.40475    1003.69
09Z30JAN2015    5.48197    -9.57946    999.975
10Z30JAN2015    5.58918    -9.47225    1009.63
11Z30JAN2015    6.27909    -8.57257    1017.49
12Z30JAN2015    7.53305    -11.6585    1022.24
13Z30JAN2015    11.7331    -10.2321    1023
14Z30JAN2015    10.1715    -7.02494    1020.26
15Z30JAN2015    11.9522    -5.55655    1009.63
16Z30JAN2015    9.56082    -4.55432    1006.73
17Z30JAN2015    7.62628    -9.55149    1001.72
18Z30JAN2015    6.77322    -8.89888    994.475
19Z30JAN2015    3.09992    -7.04358    986.705
20Z30JAN2015    4.64755    -5.40272    993.673
21Z30JAN2015    2.47062    -1.63154    1004.9
22Z30JAN2015    4.66154    -6.06932    1011.41
23Z30JAN2015    4.34455    -6.30706    1010.11
00Z31JAN2015    4.34922    -6.31172    1008.42
01Z31JAN2015    3.58472    -4.65688    1008.65
02Z31JAN2015    1.75274    -4.97852    1013.85
03Z31JAN2015    6.61006    -4.37718    1019.38
04Z31JAN2015    4.07885    -2.20957    1021
05Z31JAN2015    1.03486    -2.727    1017.51
06Z31JAN2015    -0.0466154    -1.39846    1016.53
07Z31JAN2015    -2.70835    -0.00466154    1014.95
08Z31JAN2015    -3.58938    0.932308    1014.1
09Z31JAN2015    -3.24909    1.39846    1012.58
10Z31JAN2015    -2.5452    1.60823    1011.68
11Z31JAN2015    -3.36563    1.23531    1012.14
12Z31JAN2015    -1.98582    0.876369    1016.88
13Z31JAN2015    -3.03    0.135185    1019.72
14Z31JAN2015    -1.83665    1.21666    1017.13
15Z31JAN2015    -0.7878    2.71768    1012.46
16Z31JAN2015    -2.58249    2.84354    1009.91
17Z31JAN2015    -2.5452    3.04865    1006.2
18Z31JAN2015    -1.97183    2.74098    1008.63
19Z31JAN2015    -1.65018    2.29348    1014.46
20Z31JAN2015    -1.79935    1.33786    1019.35
21Z31JAN2015    -2.46129    1.14208    1018.12
22Z31JAN2015    -3.51014    1.31455    1017.47
23Z31JAN2015    -2.09769    1.01155    1017.24
00Z01FEB2015    -1.81334    1.10945    1017.8
01Z01FEB2015    -3.34232    0.615323    1016.95
02Z01FEB2015    -3.07662    0.107215    1017.96
03Z01FEB2015    -3.43555    0.275031    1015.32
04Z01FEB2015    -1.56162    1.64552    1013.22
05Z01FEB2015    -1.93454    1.76206    1011.85
06Z01FEB2015    -1.97649    2.16762    1009.02
07Z01FEB2015    -3.46818    1.71545    1004.49
08Z01FEB2015    -3.82712    2.6664    1001.89
09Z01FEB2015    -4.15343    3.76186    1003.97
10Z01FEB2015    -5.25822    4.19072    1008.78
11Z01FEB2015    -5.64978    4.70349    1011.72
12Z01FEB2015    -5.62648    4.46575    1010.96
13Z01FEB2015    -6.19518    4.69417    1006.66
14Z01FEB2015    -6.50751    4.67552    1004.32
15Z01FEB2015    -5.68708    4.53102    1002.93
16Z01FEB2015    -3.99028    3.83645    1001.4
17Z01FEB2015    -3.37962    3.70592    1000.6
18Z01FEB2015    -1.91589    2.86218    1002.35
19Z01FEB2015    -1.70146    1.26794    1002.92
20Z01FEB2015    -2.81091    0.839077    1004.54
21Z01FEB2015    -2.54054    1.23997    1007.18
22Z01FEB2015    -3.37029    1.00689    1009.17
23Z01FEB2015    -4.11614    0.834415    1008.41
00Z02FEB2015    -1.84131    1.29125    1008.61
01Z02FEB2015    -0.503446    1.12343    1007.71
02Z02FEB2015    -1.25395    1.99514    1006.61
03Z02FEB2015    1.35185    1.90191    1003.33
04Z02FEB2015    0.0932308    -0.689908    1001.74
05Z02FEB2015    0.652615    -0.6666    999.291
06Z02FEB2015    -0.139846    -1.98582    997.284
07Z02FEB2015    -1.01622    0.358938    998.204
08Z02FEB2015    -1.96251    0.913662    1001.13
09Z02FEB2015    -2.58249    0.717877    1003.21
10Z02FEB2015    -2.55918    0.899677    1005.08
11Z02FEB2015    -3.3936    1.72943    1006.33
12Z02FEB2015    -3.17451    1.74342    1007.01
13Z02FEB2015    -0.396231    2.17694    1007.25
14Z02FEB2015    -1.17937    3.38428    1006
15Z02FEB2015    -0.303    4.83402    1004.61
16Z02FEB2015    0.825092    4.7874    1003.54
17Z02FEB2015    0.125862    3.7572    1003.39
18Z02FEB2015    0.606    3.56142    1003.39
19Z02FEB2015    -0.135185    2.47528    1002.81
20Z02FEB2015    -0.0279692    2.21423    1002.23
21Z02FEB2015    -0.349615    2.71768    1002.06
22Z02FEB2015    0.428862    2.22822    1002.69
23Z02FEB2015    0.2424    1.46838    1003.88
00Z03FEB2015    0.307662    0.978923    1003.97
01Z31JAN2015    11.3555    -5.83625    1010.87
02Z31JAN2015    11.2296    -5.13702    1010.76
03Z31JAN2015    8.55858    -3.88306    1011.99
04Z31JAN2015    5.48197    -5.71505    1010.16
05Z31JAN2015    10.4325    -0.209769    1015.35
06Z31JAN2015    3.38428    -4.94123    1012.88
07Z31JAN2015    2.02777    -5.31415    1011.06
08Z31JAN2015    0.722538    -3.55209    1013.28
09Z31JAN2015    0.0792462    -2.59648    1020.08
10Z31JAN2015    -0.643292    -4.55432    1025.68
11Z31JAN2015    -1.80868    -0.885692    1027.77
12Z31JAN2015    3.64532    -0.6666    1029.14
13Z31JAN2015    3.10925    -0.1818    1024.96
14Z31JAN2015    -2.80625    -0.205108    1022.91
15Z31JAN2015    -1.73409    -1.1514    1019.78
16Z31JAN2015    -1.08148    3.52878    1014.92
17Z31JAN2015    0.0139846    5.00183    1012.77
18Z31JAN2015    -0.368262    4.86198    1007
19Z31JAN2015    -2.20957    1.71545    1003.31
20Z31JAN2015    -2.80625    1.42177    1003.36
21Z31JAN2015    -4.81071    0.116538    1007.87
22Z31JAN2015    -4.3632    0.568708    1011.79
23Z31JAN2015    -3.41691    0.3636    1012.33
00Z01FEB2015    -2.14897    1.37515    1011.97
01Z01FEB2015    0.163154    1.40778    1015.42
02Z01FEB2015    0.125862    1.00689    1018.21
03Z01FEB2015    0.0699231    1.54763    1020.88
04Z01FEB2015    0.372923    1.83665    1021.49
05Z01FEB2015    -0.223754    1.81334    1021.51
06Z01FEB2015    -1.71078    2.08837    1020.91
07Z01FEB2015    -2.80158    1.67815    1022.24
08Z01FEB2015    -3.72457    0.983585    1022.55
09Z01FEB2015    -4.17674    1.80868    1019.9
10Z01FEB2015    -5.31415    2.68505    1017.8
11Z01FEB2015    -5.24423    3.2118    1016.02
12Z01FEB2015    -5.16965    3.53345    1015.21
13Z01FEB2015    -4.55432    3.16518    1014.29
14Z01FEB2015    -4.28395    3.32368    1013.33
15Z01FEB2015    -4.76875    4.71748    1011.21
16Z01FEB2015    -5.13702    5.09972    1009.3
17Z01FEB2015    -4.28395    5.40272    1008.75
18Z01FEB2015    -4.04622    5.16032    1010.39
19Z01FEB2015    -3.07662    4.35854    1012.05
20Z01FEB2015    -4.90394    1.16072    1015.47
21Z01FEB2015    -5.10438    1.04418    1016.21
22Z01FEB2015    -5.05777    1.23065    1015.18
23Z01FEB2015    -4.14877    1.59425    1015.56
00Z02FEB2015    -3.79915    0.433523    1015.05
01Z02FEB2015    -2.89482    0.228415    1013.38
02Z02FEB2015    -1.84597    0.722538    1010.84
03Z02FEB2015    -1.28658    1.57094    1008.55
04Z02FEB2015    -0.783138    1.34718    1005.92
05Z02FEB2015    -0.829754    1.86462    1004.13
06Z02FEB2015    0.0372923    2.31212    1002.34
07Z02FEB2015    -1.39846    2.93677    1000.15
08Z02FEB2015    -2.35408    2.00446    999.248
09Z02FEB2015    -3.03932    2.71768    1000.05
10Z02FEB2015    -3.66397    2.39603    1002.19
11Z02FEB2015    -4.04622    2.83888    1003.23
12Z02FEB2015    -4.05088    3.3936    1003.19
13Z02FEB2015    -3.40292    3.75254    1001.56
14Z02FEB2015    -1.82732    2.94609    1000.26
15Z02FEB2015    -2.2422    2.88083    999.714
16Z02FEB2015    -2.00912    2.9088    999.919
17Z02FEB2015    -0.895015    2.76429    1000.48
18Z02FEB2015    -1.35185    2.05574    1002.57
19Z02FEB2015    -2.22355    1.40778    1003.92
20Z02FEB2015    -3.25842    0.153831    1004.95
21Z02FEB2015    -3.80382    0.447508    1005.12
22Z02FEB2015    -2.75497    0.899677    1005.31
23Z02FEB2015    -4.34455    0.0419538    1004.93
00Z03FEB2015    -1.83198    0.358938    1003.54
01Z03FEB2015    -2.14431    1.54763    1001.63
02Z03FEB2015    0.0606    1.21666    999.646
03Z03FEB2015    -0.223754    1.79469    998.303
04Z03FEB2015    0.405554    0.554723    996.65
05Z03FEB2015    -0.769154    -1.4544    997.066
06Z03FEB2015    1.76206    -2.43798    996.271
07Z03FEB2015    -1.23997    -4.54034    997.377
08Z03FEB2015    -1.00689    -1.68282    999.012
09Z03FEB2015    -0.619985    -0.815769    1001.81
10Z03FEB2015    0.442846    0.582692    1003.58
11Z03FEB2015    -0.307662    0.372923    1005.16
12Z03FEB2015    -3.00203    0.843738    1006.33
13Z03FEB2015    -0.1212    3.66397    1006.66
14Z03FEB2015    1.68282    2.85286    1006.18
15Z03FEB2015    0.391569    2.85752    1005.47
16Z03FEB2015    -0.699231    2.92745    1004.14
17Z03FEB2015    -1.60357    2.43332    1003.15
18Z03FEB2015    -1.30057    1.38448    1002.78
19Z03FEB2015    -0.344954    1.57094    1002.64
20Z03FEB2015    -0.503446    2.19092    1002.73
21Z03FEB2015    -0.111877    2.02311    1002.46
22Z03FEB2015    -1.43575    0.820431    1001.76
23Z03FEB2015    -1.64086    0.428862    1001.34
00Z04FEB2015    -2.3634    -0.111877    1002.14
            
            
            
            
            
            
            
            
            
            
            
            
            
            
            
            
            
            
            
            
            
            
            
            
            
            
            
            
            
            
            
            
            
            
            
            
            
            
            
            
            
            
            
            
            
            
            
            
            
            
            
            
            
            
            
            
            
            
            
            
            
            
            
            
            
            
            
            
            
            
            
            
            
            
            
            
            
            
            
            
            
            
            
            
            
            
            
            
            
            
            
            
            
            
            
            
            
            
            
            
            
            
            
            
            
            
            
            
            
            
            
            
            
            
            
            
            
            
            
            
            
            
            
            
            
            
            
            
            
            
            
            
            
            
            
            
            
            
            
            
            
            
            
            
