tyd    u    v    psl
01Z30JAN2015    -0.494123    -7.32794    1009.48
02Z30JAN2015    -1.20268    -6.40495    1009.67
03Z30JAN2015    -0.703892    -4.59162    1007.41
04Z30JAN2015    -0.368262    -5.47265    1009.22
05Z30JAN2015    0.125862    -5.56588    1011.57
06Z30JAN2015    -1.83665    -2.10235    1007.83
07Z30JAN2015    -0.6666    -2.89015    1008.73
08Z30JAN2015    1.0908    -4.09749    1003.66
09Z30JAN2015    3.45886    -4.06486    999.733
10Z30JAN2015    3.80848    -4.10215    1008.81
11Z30JAN2015    4.23268    -6.19985    1017.44
12Z30JAN2015    0.801785    -0.354277    1022.89
13Z30JAN2015    6.89908    -7.60763    1022.75
14Z30JAN2015    4.68485    -5.58918    1020.29
15Z30JAN2015    -0.442846    0.130523    1010.34
16Z30JAN2015    0.438185    0.503446    1007.41
17Z30JAN2015    -1.19335    -0.755169    1003.7
18Z30JAN2015    3.07662    -4.74545    995.985
19Z30JAN2015    4.00426    -3.71991    986.506
20Z30JAN2015    3.34698    -4.57763    993.778
21Z30JAN2015    -0.275031    -8.10175    1004.08
22Z30JAN2015    -0.251723    -7.27666    1011.27
23Z30JAN2015    -0.554723    -7.80342    1009.29
00Z31JAN2015    -1.19335    -5.85489    1007.84
01Z31JAN2015    -1.212    -1.3332    1008.62
02Z31JAN2015    -1.10945    -0.783138    1013.82
03Z31JAN2015    -2.49392    1.29591    1020.29
04Z31JAN2015    -4.57763    1.05351    1021.7
05Z31JAN2015    -1.34252    -0.144508    1018.46
06Z31JAN2015    -0.992908    3.61269    1017.53
07Z31JAN2015    0.247062    4.55432    1015.72
08Z31JAN2015    -0.205108    5.62182    1015.15
09Z31JAN2015    0.4242    6.40029    1014
10Z31JAN2015    0.116538    7.08554    1012.41
11Z31JAN2015    -0.191123    7.11817    1012.95
12Z31JAN2015    -0.186462    7.44914    1017.99
13Z31JAN2015    0.256385    6.16722    1020.5
14Z31JAN2015    0.153831    5.97143    1018.36
15Z31JAN2015    0.428862    6.57277    1013.52
16Z31JAN2015    0.596677    7.09952    1011.19
17Z31JAN2015    0.0372923    6.96434    1007.14
18Z31JAN2015    -0.419538    6.27909    1009.59
19Z31JAN2015    -1.55229    4.77342    1015.78
20Z31JAN2015    -1.18869    4.74078    1019.72
21Z31JAN2015    -0.797123    4.92258    1018.94
22Z31JAN2015    -2.08837    3.87374    1018.53
23Z31JAN2015    -3.03    2.63843    1018.19
00Z01FEB2015    -2.45663    2.25618    1019.16
01Z01FEB2015    -1.32388    0.992908    1017.98
02Z01FEB2015    -3.40292    2.51257    1018.62
03Z01FEB2015    -2.32611    1.26794    1016.64
04Z01FEB2015    -2.22822    -0.596677    1014.42
05Z01FEB2015    -2.1816    0.0885692    1013.47
06Z01FEB2015    -2.13498    1.57094    1010.58
07Z01FEB2015    -2.28415    2.73632    1004.97
08Z01FEB2015    -1.3332    3.82712    1001.74
09Z01FEB2015    -0.983585    5.9388    1003.79
10Z01FEB2015    -1.47771    5.81294    1008.21
11Z01FEB2015    -1.91123    5.95278    1011.25
12Z01FEB2015    -1.00223    6.73592    1010.17
13Z01FEB2015    -0.829754    6.94103    1006.38
14Z01FEB2015    -0.601338    6.51683    1004.32
15Z01FEB2015    -1.17005    5.58918    1002.42
16Z01FEB2015    -0.811108    5.13235    1000.93
17Z01FEB2015    -0.638631    4.73146    999.988
18Z01FEB2015    -0.941631    3.66863    1001.7
19Z01FEB2015    -1.48237    0.592015    1003.07
20Z01FEB2015    -2.29814    1.87394    1004.65
21Z01FEB2015    -2.33543    0.386908    1006.76
22Z01FEB2015    -3.46352    -1.06749    1008.78
23Z01FEB2015    -4.35854    -1.18869    1008.9
00Z02FEB2015    -3.54743    -2.21889    1008.91
01Z02FEB2015    -3.1512    -1.49635    1008.65
02Z02FEB2015    -2.1816    -0.680585    1007.4
03Z02FEB2015    -2.18626    -0.680585    1004.64
04Z02FEB2015    -3.18383    -1.95318    1002.85
05Z02FEB2015    -2.46129    -1.96717    999.447
06Z02FEB2015    -1.77605    -1.25395    997.725
07Z02FEB2015    -2.62445    -0.564046    998.303
08Z02FEB2015    -3.07662    0.358938    1000.42
09Z02FEB2015    -0.7272    2.75031    1002.62
10Z02FEB2015    0.480138    4.53568    1004.49
11Z02FEB2015    0.745846    5.39806    1006.04
12Z02FEB2015    0.960277    5.98075    1007.14
13Z02FEB2015    1.10945    6.52149    1007.69
14Z02FEB2015    0.815769    6.94569    1006.72
15Z02FEB2015    0.554723    6.969    1004.74
16Z02FEB2015    0.279692    6.72194    1003.89
17Z02FEB2015    0.149169    6.12526    1004.51
18Z02FEB2015    0.0139846    5.33746    1004.17
19Z02FEB2015    0.116538    4.49372    1004.04
20Z02FEB2015    0.2424    3.94832    1003.09
21Z02FEB2015    -0.177138    3.11857    1002.65
22Z02FEB2015    -0.191123    3.27706    1002.95
23Z02FEB2015    -0.228415    2.75963    1004.01
00Z03FEB2015    -0.0839077    2.88549    1004.36
01Z31JAN2015    0.745846    -7.14148    1012.46
02Z31JAN2015    -0.857723    -4.6056    1011.84
03Z31JAN2015    0.111877    -1.85529    1012.76
04Z31JAN2015    2.15829    -6.43758    1010.32
05Z31JAN2015    -2.38205    2.92278    1016.1
06Z31JAN2015    4.76875    -0.745846    1013.13
07Z31JAN2015    -0.531415    1.52432    1011.38
08Z31JAN2015    1.71545    2.74565    1013.62
09Z31JAN2015    4.55898    5.91083    1019.63
10Z31JAN2015    5.49129    6.83848    1025.22
11Z31JAN2015    3.79915    5.14634    1028.01
12Z31JAN2015    3.51014    5.757    1029.33
13Z31JAN2015    3.74788    6.82449    1026.23
14Z31JAN2015    3.28172    6.77788    1024.26
15Z31JAN2015    1.01622    6.19985    1020.86
16Z31JAN2015    0.587354    6.00872    1016.42
17Z31JAN2015    -0.223754    5.87354    1014.16
18Z31JAN2015    0.00932308    5.42137    1008.71
19Z31JAN2015    -2.38671    2.75031    1003.89
20Z31JAN2015    -2.53122    2.62445    1003.24
21Z31JAN2015    -2.41468    -0.172477    1008.63
22Z31JAN2015    -4.56365    -0.592015    1013.15
23Z31JAN2015    -5.42137    -0.904338    1013.5
00Z01FEB2015    -4.27463    -1.97649    1013.78
01Z01FEB2015    -3.939    -0.694569    1017.22
02Z01FEB2015    -3.52878    -1.72477    1019.55
03Z01FEB2015    -4.49838    0.102554    1022.34
04Z01FEB2015    -3.80848    -0.624646    1023.38
05Z01FEB2015    -4.40982    -0.419538    1023.46
06Z01FEB2015    -2.96008    0.494123    1023.16
07Z01FEB2015    -3.00203    0.839077    1023.99
08Z01FEB2015    -2.70369    1.80402    1024.26
09Z01FEB2015    -2.80158    2.56851    1020.9
10Z01FEB2015    -2.54986    3.939    1018.17
11Z01FEB2015    -1.7574    5.40272    1016.28
12Z01FEB2015    -1.68282    5.71505    1015.71
13Z01FEB2015    -0.871708    5.47265    1014.72
14Z01FEB2015    -0.261046    6.1206    1013.93
15Z01FEB2015    -1.2726    6.363    1011.47
16Z01FEB2015    -1.53831    5.48663    1009.67
17Z01FEB2015    -0.834415    4.26065    1009.78
18Z01FEB2015    0.205108    2.42866    1011.18
19Z01FEB2015    0.6666    2.59182    1013.37
20Z01FEB2015    -0.414877    1.0908    1016.63
21Z01FEB2015    -0.158492    0.9696    1018.21
22Z01FEB2015    -4.96454    0.298338    1017.24
23Z01FEB2015    -5.9994    -0.284354    1017.19
00Z02FEB2015    -5.84091    -0.494123    1016.47
01Z02FEB2015    -2.40069    -0.2424    1015.29
02Z02FEB2015    -4.08817    -0.428862    1012.39
03Z02FEB2015    -5.10905    -1.35651    1010.67
04Z02FEB2015    -4.07885    -0.829754    1008.33
05Z02FEB2015    -3.10458    0.200446    1006.22
06Z02FEB2015    -3.16518    -0.1818    1004.79
07Z02FEB2015    -4.33523    0.941631    1002.42
08Z02FEB2015    -3.72923    2.20025    1000.14
09Z02FEB2015    -1.51034    2.85286    1000.82
10Z02FEB2015    0.0745846    4.80605    1002.22
11Z02FEB2015    0.330969    5.84091    1003.31
12Z02FEB2015    0.265708    6.65202    1003.28
13Z02FEB2015    -0.0326308    7.07622    1002.06
14Z02FEB2015    0.233077    6.52615    1000.77
15Z02FEB2015    0.377585    6.37232    1000.63
16Z02FEB2015    0.825092    5.93414    1001.11
17Z02FEB2015    0.442846    5.42603    1001.78
18Z02FEB2015    0.158492    4.6662    1003.67
19Z02FEB2015    0.153831    4.53102    1005.74
20Z02FEB2015    0.554723    3.80382    1007.02
21Z02FEB2015    1.26328    3.16985    1006.23
22Z02FEB2015    0.629308    1.08148    1006.48
23Z02FEB2015    -0.792462    -0.289015    1006.34
00Z03FEB2015    0.149169    0.344954    1004.75
01Z03FEB2015    -0.564046    0.498785    1003.42
02Z03FEB2015    -4.22335    -0.536077    1001.11
03Z03FEB2015    -4.32591    -0.703892    999.198
04Z03FEB2015    -4.18606    -1.42177    998.024
05Z03FEB2015    -4.1208    -1.63154    997.135
06Z03FEB2015    -1.78071    -1.31455    997.122
07Z03FEB2015    -0.592015    0.6666    997.477
08Z03FEB2015    -0.550062    3.53811    998.726
09Z03FEB2015    0.0839077    4.66154    1001.07
10Z03FEB2015    0.3636    5.28152    1003.39
11Z03FEB2015    0.703892    5.99474    1005.49
12Z03FEB2015    0.974262    6.28375    1006.73
13Z03FEB2015    0.573369    6.51217    1007.69
14Z03FEB2015    0.270369    6.7266    1006.83
15Z03FEB2015    -0.330969    6.4236    1005.85
16Z03FEB2015    0.0559385    6.12526    1004.48
17Z03FEB2015    -0.3636    5.49595    1003.33
18Z03FEB2015    -0.298338    4.66154    1002.77
19Z03FEB2015    -0.456831    2.51257    1003.24
20Z03FEB2015    -0.237738    1.89725    1002.53
21Z03FEB2015    -0.820431    1.85995    1002.7
22Z03FEB2015    -1.16072    2.26085    1002.23
23Z03FEB2015    -0.811108    1.32854    1002.18
00Z04FEB2015    -1.81334    1.26794    1002.39
            
            
            
            
            
            
            
            
            
            
            
            
            
            
            
            
            
            
            
            
            
            
            
            
            
            
            
            
            
            
            
            
            
            
            
            
            
            
            
            
            
            
            
            
            
            
            
            
            
            
            
            
            
            
            
            
            
            
            
            
            
            
            
            
            
            
            
            
            
            
            
            
            
            
            
            
            
            
            
            
            
            
            
            
            
            
            
            
            
            
            
            
            
            
            
            
            
            
            
            
            
            
            
            
            
            
            
            
            
            
            
            
            
            
            
            
            
            
            
            
            
            
            
            
            
            
            
            
            
            
            
            
            
            
            
            
            
            
            
            
            
            
            
            
