tyd    u    v    psl
01Z30JAN2015    2.43798    -6.14857    1010.34
02Z30JAN2015    -0.2424    -7.67755    1010.76
03Z30JAN2015    1.5756    -7.70552    1008.39
04Z30JAN2015    2.76895    -8.91752    1010.75
05Z30JAN2015    1.05351    -7.56568    1013.01
06Z30JAN2015    2.01378    -9.30909    1009.39
07Z30JAN2015    0.531415    -8.45137    1010.26
08Z30JAN2015    3.47751    -8.5446    1005.21
09Z30JAN2015    6.50751    -9.60277    1001.21
10Z30JAN2015    4.94589    -6.30706    1011.18
11Z30JAN2015    6.14391    -10.4838    1019.18
12Z30JAN2015    2.59648    -5.35611    1024.12
13Z30JAN2015    8.29288    -9.84051    1024.37
14Z30JAN2015    5.33746    -6.58209    1021.46
15Z30JAN2015    8.34415    -11.5606    1010.93
16Z30JAN2015    4.97386    -4.55898    1008.35
17Z30JAN2015    2.14431    -4.84334    1004.49
18Z30JAN2015    1.72011    -5.90151    996.979
19Z30JAN2015    2.45197    -4.65688    987.656
20Z30JAN2015    3.38894    -8.13905    994.344
21Z30JAN2015    3.01135    -6.43758    1005.02
22Z30JAN2015    1.78537    -7.21606    1012.25
23Z30JAN2015    2.62445    -6.66134    1010.59
00Z31JAN2015    3.31902    -5.8782    1009.09
01Z31JAN2015    2.77828    -3.15586    1009.61
02Z31JAN2015    0.102554    -2.73632    1014.94
03Z31JAN2015    1.06283    -1.05351    1021.37
04Z31JAN2015    -0.195785    -1.43109    1021.91
05Z31JAN2015    0.764492    -0.941631    1018.29
06Z31JAN2015    0.797123    4.47508    1017.27
07Z31JAN2015    1.62222    7.06689    1015.43
08Z31JAN2015    1.15606    9.19722    1014.61
09Z31JAN2015    0.610662    10.7915    1013.43
10Z31JAN2015    0.624646    11.7005    1011.87
11Z31JAN2015    0.941631    11.7704    1012.49
12Z31JAN2015    1.04418    12.0221    1017.76
13Z31JAN2015    0.0745846    11.0478    1020.13
14Z31JAN2015    0.3636    11.9988    1017.54
15Z31JAN2015    0.293677    13.3506    1012.44
16Z31JAN2015    -0.0652615    13.8075    1010.14
17Z31JAN2015    -0.988246    13.98    1005.99
18Z31JAN2015    -1.85529    14.255    1008.38
19Z31JAN2015    -1.72943    14.4787    1014.65
20Z31JAN2015    -2.13498    14.4275    1018.85
21Z31JAN2015    -1.96251    13.8401    1017.83
22Z31JAN2015    -3.09526    14.255    1016.97
23Z31JAN2015    -2.82955    14.7258    1017.2
00Z01FEB2015    -2.65708    13.4159    1017.68
01Z01FEB2015    -2.99271    12.4416    1016.53
02Z01FEB2015    -3.72923    10.3952    1016.81
03Z01FEB2015    -3.85509    6.61472    1014.89
04Z01FEB2015    -1.84131    7.83605    1013.19
05Z01FEB2015    -2.34009    5.66377    1011.93
06Z01FEB2015    -2.02311    6.79186    1009.04
07Z01FEB2015    -2.33077    9.40698    1003.03
08Z01FEB2015    -1.84131    13.3413    1000.75
09Z01FEB2015    -2.47062    14.4042    1002.62
10Z01FEB2015    -1.79469    15.4483    1006.76
11Z01FEB2015    -2.06972    16.4506    1010.02
12Z01FEB2015    -1.77138    16.073    1008.52
13Z01FEB2015    -1.91123    15.425    1004.97
14Z01FEB2015    -2.25618    15.2199    1002.74
15Z01FEB2015    -2.05108    13.6863    1000.78
16Z01FEB2015    -2.41934    13.0943    999.391
17Z01FEB2015    -2.31212    12.0314    999.043
18Z01FEB2015    -1.71078    11.8077    1000.68
19Z01FEB2015    -1.00223    9.50488    1002.14
20Z01FEB2015    -3.30969    10.8334    1002.99
21Z01FEB2015    -2.60114    8.80565    1005.16
22Z01FEB2015    0    6.53548    1006.56
23Z01FEB2015    -1.6362    6.33037    1007.08
00Z02FEB2015    -0.149169    4.66154    1007.08
01Z02FEB2015    -0.759831    -0.261046    1006.95
02Z02FEB2015    -1.08148    2.7876    1006.35
03Z02FEB2015    1.44974    -1.65018    1003.31
04Z02FEB2015    -2.6664    -2.75963    1001.63
05Z02FEB2015    0.596677    -1.54297    998.732
06Z02FEB2015    0.5454    -2.28415    997.147
07Z02FEB2015    1.11877    3.44954    997.918
08Z02FEB2015    1.36117    5.01582    1000.88
09Z02FEB2015    2.75963    3.99028    1003.13
10Z02FEB2015    2.51723    4.94589    1005.1
11Z02FEB2015    1.39846    6.38165    1006.05
12Z02FEB2015    1.49169    6.98765    1007.66
13Z02FEB2015    2.03709    8.29754    1007.6
14Z02FEB2015    2.27949    8.787    1006.46
15Z02FEB2015    1.78071    9.36503    1004.76
16Z02FEB2015    1.49635    10.4046    1003.58
17Z02FEB2015    1.24463    10.9173    1003.65
18Z02FEB2015    0.382246    10.9686    1003.65
19Z02FEB2015    -0.139846    10.9453    1003.42
20Z02FEB2015    0.0699231    11.6026    1002.46
21Z02FEB2015    0.0606    11.4068    1001.93
22Z02FEB2015    -0.0745846    10.6889    1002.04
23Z02FEB2015    0.270369    10.88    1003.34
00Z03FEB2015    0.512769    10.4046    1003.61
01Z31JAN2015    1.06749    -10.9033    1012.94
02Z31JAN2015    -1.18403    -7.16478    1012.98
03Z31JAN2015    4.00892    -9.67269    1013.89
04Z31JAN2015    -0.815769    -7.12283    1011.1
05Z31JAN2015    3.636    -4.21869    1017.33
06Z31JAN2015    1.30523    -1.50102    1013.74
07Z31JAN2015    0.918323    0.988246    1011.66
08Z31JAN2015    2.75497    2.86218    1013.59
09Z31JAN2015    4.35854    7.6962    1019.62
10Z31JAN2015    4.02291    8.07845    1025.72
11Z31JAN2015    3.83645    6.97366    1028.22
12Z31JAN2015    3.79915    6.71262    1029.8
13Z31JAN2015    3.34698    6.95502    1026.42
14Z31JAN2015    3.5148    8.62385    1024
15Z31JAN2015    2.39137    8.43738    1020.41
16Z31JAN2015    1.71545    9.93374    1016.01
17Z31JAN2015    1.41711    12.0268    1013.54
18Z31JAN2015    -2.424    11.5466    1007.48
19Z31JAN2015    -2.94143    12.8239    1002.31
20Z31JAN2015    -2.94143    8.86158    1001.51
21Z31JAN2015    -2.64309    4.09749    1006.35
22Z31JAN2015    -2.03709    3.74322    1010.64
23Z31JAN2015    1.04418    5.08574    1011.3
00Z01FEB2015    -0.405554    0.396231    1012.36
01Z01FEB2015    1.55695    3.54743    1015.4
02Z01FEB2015    -2.75963    -3.63134    1018.34
03Z01FEB2015    -0.275031    1.30989    1020.94
04Z01FEB2015    0.582692    -0.219092    1021.79
05Z01FEB2015    0.0326308    0.270369    1021.77
06Z01FEB2015    -0.927646    2.7876    1020.88
07Z01FEB2015    -1.28192    0.0139846    1021.88
08Z01FEB2015    -2.54054    2.13498    1022.29
09Z01FEB2015    -0.922985    5.09972    1018.92
10Z01FEB2015    -2.06972    9.33706    1016.22
11Z01FEB2015    -3.16052    12.409    1014.07
12Z01FEB2015    -2.61046    14.4368    1014.13
13Z01FEB2015    -2.00446    14.2317    1012.66
14Z01FEB2015    -1.42177    14.0965    1012.51
15Z01FEB2015    -2.49392    14.6279    1009.61
16Z01FEB2015    -3.10458    13.3973    1007.52
17Z01FEB2015    -3.82712    13.7515    1007.24
18Z01FEB2015    -4.94589    14.5953    1008.22
19Z01FEB2015    -5.67309    9.2718    1010.21
20Z01FEB2015    -7.18809    -3.75254    1013.43
21Z01FEB2015    -4.0602    -0.936969    1014.74
22Z01FEB2015    -4.59628    0.139846    1014.13
23Z01FEB2015    -4.03689    2.28882    1014.59
00Z02FEB2015    -0.587354    1.95318    1013.75
01Z02FEB2015    -3.82712    1.72943    1012.1
02Z02FEB2015    -4.4238    3.61735    1009.94
03Z02FEB2015    -2.98805    2.47528    1008.24
04Z02FEB2015    0.843738    -0.293677    1005.76
05Z02FEB2015    0.517431    -0.289015    1004.34
06Z02FEB2015    -0.512769    5.13702    1002.63
07Z02FEB2015    -0.815769    4.44711    1000.37
08Z02FEB2015    -0.508108    5.88286    998.533
09Z02FEB2015    -1.01155    9.45826    999.403
10Z02FEB2015    -1.64086    12.9964    1000.63
11Z02FEB2015    -0.205108    15.4437    1002.14
12Z02FEB2015    0.0279692    14.5626    1001.71
13Z02FEB2015    -0.839077    14.805    1000.66
14Z02FEB2015    0.0372923    14.7398    999.503
15Z02FEB2015    -0.0885692    14.8517    999.099
16Z02FEB2015    -0.130523    14.9402    999.95
17Z02FEB2015    0.419538    14.4275    999.956
18Z02FEB2015    -0.564046    14.9402    1001.49
19Z02FEB2015    -0.0932308    14.4927    1004.09
20Z02FEB2015    -0.7272    15.2106    1005.04
21Z02FEB2015    -1.07215    14.9542    1004.51
22Z02FEB2015    -0.619985    14.0359    1004.3
23Z02FEB2015    -1.68282    12.0641    1003.9
00Z03FEB2015    -0.713215    9.79389    1002.82
01Z03FEB2015    -1.96251    8.09243    1001.29
02Z03FEB2015    -1.59891    4.11614    999.41
03Z03FEB2015    -0.349615    5.96677    997.812
04Z03FEB2015    -1.2726    2.74565    996.986
05Z03FEB2015    -1.95318    -2.42866    996.501
06Z03FEB2015    -1.01622    -1.39846    996.818
07Z03FEB2015    0.652615    -0.102554    997.39
08Z03FEB2015    0.475477    6.93171    998.639
09Z03FEB2015    0.447508    9.32774    1000.73
10Z03FEB2015    1.32854    9.06669    1003.44
11Z03FEB2015    1.89258    8.42806    1005.59
12Z03FEB2015    1.63154    8.68911    1007.01
13Z03FEB2015    1.72943    9.34172    1007.35
14Z03FEB2015    1.72943    9.18789    1006.51
15Z03FEB2015    1.85995    9.19255    1005.53
16Z03FEB2015    2.40535    9.40698    1004.25
17Z03FEB2015    1.35185    9.41631    1002.7
18Z03FEB2015    1.31455    8.85692    1002.21
19Z03FEB2015    0.745846    8.50731    1002.58
20Z03FEB2015    0.783138    7.99454    1002.03
21Z03FEB2015    0.783138    7.58898    1002.13
22Z03FEB2015    1.25395    8.06912    1001.33
23Z03FEB2015    -0.261046    9.38834    1001.33
00Z04FEB2015    0.601338    8.67046    1001.87
            
            
            
            
            
            
            
            
            
            
            
            
            
            
            
            
            
            
            
            
            
            
            
            
            
            
            
            
            
            
            
            
            
            
            
            
            
            
            
            
            
            
            
            
            
            
            
            
            
            
            
            
            
            
            
            
            
            
            
            
            
            
            
            
            
            
            
            
            
            
            
            
            
            
            
            
            
            
            
            
            
            
            
            
            
            
            
            
            
            
            
            
            
            
            
            
            
            
            
            
            
            
            
            
            
            
            
            
            
            
            
            
            
            
            
            
            
            
            
            
            
            
            
            
            
            
            
            
            
            
            
            
            
            
            
            
            
            
            
            
            
            
            
            
