tyd    u    v    psl
01Z30JAN2015    -2.41934    -1.85995    1009.87
02Z30JAN2015    -1.68748    -0.960277    1009.3
03Z30JAN2015    -1.12343    -0.284354    1007.55
04Z30JAN2015    -1.55695    -1.1514    1008.43
05Z30JAN2015    -1.79003    0.00466154    1011.33
06Z30JAN2015    -0.568708    0.209769    1008.34
07Z30JAN2015    -1.95785    -2.11634    1008.48
08Z30JAN2015    -0.745846    -1.82266    1003.36
09Z30JAN2015    -1.25862    0.517431    998.614
10Z30JAN2015    4.15809    -2.54986    1008.21
11Z30JAN2015    6.11128    -3.80382    1017.26
12Z30JAN2015    3.55675    -4.31192    1021.84
13Z30JAN2015    10.908    -0.442846    1021.42
14Z30JAN2015    8.63317    -2.3634    1018.11
15Z30JAN2015    13.3367    -2.28415    1008.45
16Z30JAN2015    13.0197    2.727    1005.16
17Z30JAN2015    0.568708    3.5148    1002.18
18Z30JAN2015    -4.02757    -0.936969    993.785
19Z30JAN2015    -3.81314    -1.63154    985.108
20Z30JAN2015    -3.92968    -1.4544    992.225
21Z30JAN2015    -3.35165    -2.22822    1002.86
22Z30JAN2015    -3.37962    -2.1816    1009.64
23Z30JAN2015    -2.27483    0.983585    1008.71
00Z31JAN2015    -3.78983    -1.48703    1007.76
01Z31JAN2015    -2.25618    -0.475477    1007.2
02Z31JAN2015    -3.28638    -2.05574    1012.16
03Z31JAN2015    -2.80625    -2.10702    1018.63
04Z31JAN2015    -1.4544    1.05351    1020.6
05Z31JAN2015    -2.13965    -0.531415    1017.07
06Z31JAN2015    -0.582692    -1.46838    1015.58
07Z31JAN2015    -0.372923    -2.65242    1013.74
08Z31JAN2015    -0.316985    -2.50325    1012.45
09Z31JAN2015    -0.456831    -1.212    1010.12
10Z31JAN2015    0.0978923    -1.91123    1009.03
11Z31JAN2015    -0.517431    -3.88306    1008.84
12Z31JAN2015    -0.922985    -3.28172    1013.67
13Z31JAN2015    -2.9088    -3.36097    1015.81
14Z31JAN2015    -2.83422    -1.1514    1012.88
15Z31JAN2015    -3.34232    -2.96474    1007.98
16Z31JAN2015    -3.88306    -0.116538    1005.28
17Z31JAN2015    -2.15829    1.0302    1002.38
18Z31JAN2015    -4.62425    1.97183    1005.84
19Z31JAN2015    -2.92745    0.978923    1012.61
20Z31JAN2015    -3.11391    1.73409    1016.94
21Z31JAN2015    -3.3936    0.125862    1016.71
22Z31JAN2015    -2.60114    0.410215    1016.04
23Z31JAN2015    -0.708554    -0.508108    1016.38
00Z01FEB2015    -5.90151    1.64552    1017.33
01Z01FEB2015    -2.04642    -0.0419538    1015.95
02Z01FEB2015    -1.49169    0.825092    1016.34
03Z01FEB2015    -5.17897    0.293677    1014.99
04Z01FEB2015    0.205108    -3.42157    1013.02
05Z01FEB2015    -0.354277    -3.09526    1011.29
06Z01FEB2015    -2.02777    0.275031    1008.87
07Z01FEB2015    -4.09749    0.964938    1002.72
08Z01FEB2015    -4.32591    0.7272    999.745
09Z01FEB2015    -4.63357    0.0978923    1001.32
10Z01FEB2015    -5.06243    0.853062    1005.66
11Z01FEB2015    -5.82692    0.750508    1008.01
12Z01FEB2015    -6.62405    0.708554    1007.7
13Z01FEB2015    -7.98988    0.433523    1002.62
14Z01FEB2015    -7.79409    1.38448    1000.46
15Z01FEB2015    -6.666    1.98582    998.931
16Z01FEB2015    -7.04358    1.92522    997.576
17Z01FEB2015    -5.93414    1.10945    997.203
18Z01FEB2015    -3.99028    0.713215    998.676
19Z01FEB2015    -3.72457    0.657277    1001.04
20Z01FEB2015    -5.37475    0.778477    1002.18
21Z01FEB2015    -5.03446    -1.56628    1005.21
22Z01FEB2015    -4.87131    0.834415    1007.87
23Z01FEB2015    -1.50102    0.125862    1007.32
00Z02FEB2015    -2.22355    3.00203    1007.51
01Z02FEB2015    -0.881031    -0.447508    1007.74
02Z02FEB2015    -2.75031    1.28192    1006.91
03Z02FEB2015    -0.587354    -1.85063    1003.67
04Z02FEB2015    1.85529    -3.19315    1001.65
05Z02FEB2015    -0.200446    -2.49392    998.415
06Z02FEB2015    -0.592015    -1.69214    996.793
07Z02FEB2015    -1.10478    -1.80868    997.234
08Z02FEB2015    -0.550062    -1.62688    999.167
09Z02FEB2015    -0.7272    -2.25618    1001.18
10Z02FEB2015    -1.51966    -2.03243    1002.83
11Z02FEB2015    -2.3634    -0.0792462    1003.34
12Z02FEB2015    -3.15586    0.689908    1003.95
13Z02FEB2015    6.34435    4.3026    1003.39
14Z02FEB2015    7.22538    4.21869    1002.48
15Z02FEB2015    3.35165    2.80158    1000.6
16Z02FEB2015    -3.58472    -1.69214    999.708
17Z02FEB2015    -1.29125    -4.848    1000.4
18Z02FEB2015    -0.671262    -1.56628    1001.24
19Z02FEB2015    1.42177    -4.73612    1001.19
20Z02FEB2015    -0.759831    -0.876369    1000.68
21Z02FEB2015    -0.456831    -2.77828    1000.93
22Z02FEB2015    0.741185    -4.56365    1001.14
23Z02FEB2015    0.158492    -3.67795    1002.36
00Z03FEB2015    1.71545    -4.16742    1002.84
01Z31JAN2015    -0.573369    -1.67815    1013.45
02Z31JAN2015    -2.41934    -1.83665    1012.45
03Z31JAN2015    -2.83888    -0.825092    1012.01
04Z31JAN2015    -2.51257    -1.17005    1009.76
05Z31JAN2015    -5.00183    -6.47954    1014.14
06Z31JAN2015    -2.71302    -2.35874    1012.13
07Z31JAN2015    -1.22598    -0.0792462    1009.01
08Z31JAN2015    0.209769    -3.45886    1011.12
09Z31JAN2015    -1.28658    -0.4242    1016.07
10Z31JAN2015    -0.5454    0.391569    1022
11Z31JAN2015    0.708554    -0.275031    1024.45
12Z31JAN2015    5.71038    1.2726    1025.23
13Z31JAN2015    5.29551    1.56162    1021.06
14Z31JAN2015    6.666    3.68728    1019.02
15Z31JAN2015    3.99028    1.20268    1015.66
16Z31JAN2015    -0.909    -0.811108    1010.75
17Z31JAN2015    2.29348    -1.13742    1008.96
18Z31JAN2015    -4.43778    -1.08614    1004.85
19Z31JAN2015    -1.56162    3.25842    1001.88
20Z31JAN2015    -6.44225    0.745846    1001.57
21Z31JAN2015    -7.82206    2.04642    1007.28
22Z31JAN2015    -7.23005    2.19558    1010.74
23Z31JAN2015    -7.05291    0.624646    1012.04
00Z01FEB2015    -4.54966    1.11411    1012.9
01Z01FEB2015    0.890354    -3.56142    1015.86
02Z01FEB2015    0.955615    -2.69903    1018.11
03Z01FEB2015    -0.405554    -1.45906    1020.63
04Z01FEB2015    1.212    -2.69437    1022.21
05Z01FEB2015    0.475477    -4.45177    1022.01
06Z01FEB2015    -0.405554    -2.08837    1021.11
07Z01FEB2015    -2.71768    0.582692    1021.62
08Z01FEB2015    -4.26997    0.755169    1022.27
09Z01FEB2015    -5.46798    1.01622    1018.7
10Z01FEB2015    -6.28842    0.741185    1015.76
11Z01FEB2015    -5.42603    0.741185    1013.33
12Z01FEB2015    -5.95278    0.414877    1012.98
13Z01FEB2015    -5.22558    0.638631    1011.86
14Z01FEB2015    -5.81294    1.12809    1010.45
15Z01FEB2015    -6.38631    0.797123    1007.43
16Z01FEB2015    -6.68931    1.50102    1005.31
17Z01FEB2015    -7.05291    2.23754    1005.61
18Z01FEB2015    -6.96434    0.200446    1008.23
19Z01FEB2015    -8.34882    2.10702    1010.12
20Z01FEB2015    -9.13662    2.01378    1014.28
21Z01FEB2015    -6.92238    2.13965    1015.97
22Z01FEB2015    -6.43758    1.64086    1015.44
23Z01FEB2015    -7.6962    -0.3636    1015.35
00Z02FEB2015    -7.73815    0.163154    1015.25
01Z02FEB2015    -0.909    -0.414877    1013.96
02Z02FEB2015    -2.28882    -0.745846    1011.59
03Z02FEB2015    -3.74322    -1.54297    1009.61
04Z02FEB2015    -3.6966    -1.16072    1006.84
05Z02FEB2015    -0.130523    -0.438185    1005.06
06Z02FEB2015    -0.279692    -1.34718    1003.26
07Z02FEB2015    -1.41711    -0.00466154    1001.01
08Z02FEB2015    -1.14674    -0.0745846    999.055
09Z02FEB2015    -1.59891    0.633969    998.639
10Z02FEB2015    -3.5754    0.9696    999.633
11Z02FEB2015    -3.38428    0.568708    1000.5
12Z02FEB2015    -3.37029    0.461492    1000.1
13Z02FEB2015    -3.64532    0.657277    998.9
14Z02FEB2015    -3.19315    0.839077    996.818
15Z02FEB2015    -3.11857    0.251723    996.047
16Z02FEB2015    -2.95542    -0.191123    996.451
17Z02FEB2015    -4.38651    -0.522092    996.905
18Z02FEB2015    -4.81537    1.80868    999.099
19Z02FEB2015    -2.64309    1.28192    1001.68
20Z02FEB2015    -3.85509    1.34718    1003.66
21Z02FEB2015    -2.98338    1.19802    1003.97
22Z02FEB2015    -3.06729    2.03709    1004.17
23Z02FEB2015    -5.30949    2.32145    1004.08
00Z03FEB2015    -4.44711    -0.0606    1002.9
01Z03FEB2015    -4.11614    0.307662    1001.91
02Z03FEB2015    -2.38205    0.885692    1000.19
03Z03FEB2015    -0.769154    -0.270369    998.042
04Z03FEB2015    1.46372    -4.92725    997.247
05Z03FEB2015    -1.10945    -0.694569    996.122
06Z03FEB2015    -1.03486    -1.7574    996.153
07Z03FEB2015    -0.815769    -2.32611    996.557
08Z03FEB2015    0.526754    -2.88549    997.433
09Z03FEB2015    0.0745846    -1.8786    999.248
10Z03FEB2015    1.42177    -3.10458    1000.88
11Z03FEB2015    -1.32854    -3.23977    1001.69
12Z03FEB2015    -0.344954    0.410215    1002.9
13Z03FEB2015    5.72437    1.94852    1002.42
14Z03FEB2015    4.69417    1.56628    1001.54
15Z03FEB2015    5.57986    1.19802    1000.82
16Z03FEB2015    2.70835    0.7878    999.521
17Z03FEB2015    -2.89482    -2.16762    999.086
18Z03FEB2015    -0.689908    0.0559385    999.615
19Z03FEB2015    0.0745846    -3.45886    1000.17
20Z03FEB2015    0.0699231    -2.69903    1000.35
21Z03FEB2015    0.2424    -5.22558    1000.15
22Z03FEB2015    -0.438185    -3.71525    1000.41
23Z03FEB2015    -2.68505    -0.116538    1000.3
00Z04FEB2015    -2.39137    -0.177138    1001.41
            
            
            
            
            
            
            
            
            
            
            
            
            
            
            
            
            
            
            
            
            
            
            
            
            
            
            
            
            
            
            
            
            
            
            
            
            
            
            
            
            
            
            
            
            
            
            
            
            
            
            
            
            
            
            
            
            
            
            
            
            
            
            
            
            
            
            
            
            
            
            
            
            
            
            
            
            
            
            
            
            
            
            
            
            
            
            
            
            
            
            
            
            
            
            
            
            
            
            
            
            
            
            
            
            
            
            
            
            
            
            
            
            
            
            
            
            
            
            
            
            
            
            
            
            
            
            
            
            
            
            
            
            
            
            
            
            
            
            
            
            
            
            
            
