tyd    u    v    psl
01Z30JAN2015    1.19335    -4.01358    1010.86
02Z30JAN2015    2.05574    -3.95765    1011.24
03Z30JAN2015    2.22822    -4.36786    1009.32
04Z30JAN2015    3.11391    -4.85732    1011.29
05Z30JAN2015    1.65485    -3.0906    1013.62
06Z30JAN2015    1.84597    -4.00426    1010.42
07Z30JAN2015    1.36583    -4.22802    1010.94
08Z30JAN2015    1.9998    -4.63357    1005.87
09Z30JAN2015    2.59182    -4.23268    1001.54
10Z30JAN2015    3.56142    -2.89015    1010.95
11Z30JAN2015    5.20694    -3.71525    1019.39
12Z30JAN2015    4.6662    -4.33523    1024.47
13Z30JAN2015    6.53082    -3.35165    1024.63
14Z30JAN2015    3.89238    -2.81557    1022.33
15Z30JAN2015    2.07438    -1.52432    1012.14
16Z30JAN2015    2.54054    -2.12566    1008.73
17Z30JAN2015    5.00649    -2.7876    1004.82
18Z30JAN2015    1.52898    -3.1512    997.383
19Z30JAN2015    1.61755    -3.82246    988.104
20Z30JAN2015    1.79003    -3.28638    994.686
21Z30JAN2015    1.73409    -4.30726    1005.66
22Z30JAN2015    1.36117    -4.86665    1012.49
23Z30JAN2015    1.34252    -4.14877    1011.18
00Z31JAN2015    1.65018    -3.49615    1009.53
01Z31JAN2015    2.21423    0.531415    1009.78
02Z31JAN2015    0.536077    -1.6362    1015.07
03Z31JAN2015    0.3636    -0.526754    1021.31
04Z31JAN2015    0.713215    -0.941631    1022.3
05Z31JAN2015    2.76429    -2.69437    1018.14
06Z31JAN2015    0.372923    1.28658    1016.94
07Z31JAN2015    2.55918    4.20471    1015.17
08Z31JAN2015    3.72457    5.76166    1013.92
09Z31JAN2015    4.29794    7.16945    1012.17
10Z31JAN2015    4.07885    7.10418    1011.14
11Z31JAN2015    3.71525    7.29065    1011.84
12Z31JAN2015    4.04622    7.71018    1016.59
13Z31JAN2015    3.88306    7.2114    1019.09
14Z31JAN2015    3.88772    7.38854    1016.91
15Z31JAN2015    4.01825    7.73815    1011.96
16Z31JAN2015    4.31192    8.11108    1009.47
17Z31JAN2015    5.01115    8.77768    1005.53
18Z31JAN2015    6.37232    8.49798    1007.15
19Z31JAN2015    5.60317    7.9386    1013.35
20Z31JAN2015    6.03669    7.37455    1017.68
21Z31JAN2015    5.59851    7.72417    1017.01
22Z31JAN2015    5.37009    7.49109    1015.84
23Z31JAN2015    4.81537    6.32571    1015.92
00Z01FEB2015    4.53568    5.18363    1016.6
01Z01FEB2015    4.44711    5.08108    1015.92
02Z01FEB2015    3.96697    4.04622    1016.45
03Z01FEB2015    4.01825    2.78294    1014.06
04Z01FEB2015    2.94143    2.35874    1012.61
05Z01FEB2015    3.12789    2.50791    1011.3
06Z01FEB2015    1.60357    1.0908    1008.51
07Z01FEB2015    1.48703    1.77605    1002.72
08Z01FEB2015    1.44042    2.47994    999.925
09Z01FEB2015    3.0906    4.17208    1000.91
10Z01FEB2015    4.27463    5.87354    1005.46
11Z01FEB2015    5.08574    6.68465    1008.79
12Z01FEB2015    5.22092    6.2418    1007.83
13Z01FEB2015    6.30706    6.87577    1003.33
14Z01FEB2015    5.80362    7.272    1001.27
15Z01FEB2015    5.78963    7.40252    999.285
16Z01FEB2015    6.43758    7.23471    998.061
17Z01FEB2015    5.97609    6.04135    997.825
18Z01FEB2015    5.24423    6.1812    999.236
19Z01FEB2015    4.01825    4.65688    1000.73
20Z01FEB2015    3.6966    3.50548    1002.4
21Z01FEB2015    2.95542    1.88326    1004.17
22Z01FEB2015    2.89015    0.983585    1006.64
23Z01FEB2015    2.03243    0.00932308    1006.28
00Z02FEB2015    2.0604    -1.0908    1006.68
01Z02FEB2015    1.80402    -1.94386    1006.76
02Z02FEB2015    1.44974    -2.15363    1005.74
03Z02FEB2015    1.18403    -2.50325    1003.74
04Z02FEB2015    1.48703    -2.02311    1001.85
05Z02FEB2015    1.41245    -1.67349    998.919
06Z02FEB2015    1.0908    -1.67815    996.687
07Z02FEB2015    1.15606    -0.522092    997.514
08Z02FEB2015    1.57094    2.00446    1000.33
09Z02FEB2015    2.62445    3.41691    1002.71
10Z02FEB2015    2.59182    4.11148    1004.15
11Z02FEB2015    2.90414    4.50771    1005.34
12Z02FEB2015    3.18383    5.5146    1006.69
13Z02FEB2015    3.62668    6.70795    1007.06
14Z02FEB2015    4.16275    7.53771    1005.53
15Z02FEB2015    4.50771    8.08777    1003.62
16Z02FEB2015    4.54966    8.29288    1002.89
17Z02FEB2015    4.65222    8.03649    1003.56
18Z02FEB2015    5.0298    7.48177    1003.19
19Z02FEB2015    4.9692    7.21606    1002
20Z02FEB2015    5.00183    7.91995    1001.72
21Z02FEB2015    4.83868    7.32794    1001.59
22Z02FEB2015    4.08817    5.84557    1001.65
23Z02FEB2015    3.92968    4.16275    1003.03
00Z03FEB2015    3.64998    3.82712    1003.67
01Z31JAN2015    2.71768    -8.05048    1013.61
02Z31JAN2015    4.51237    -7.48177    1013.35
03Z31JAN2015    3.85975    -6.37698    1013.96
04Z31JAN2015    -0.755169    -2.54054    1011.4
05Z31JAN2015    -1.54763    -1.58958    1018.05
06Z31JAN2015    2.26551    -2.93211    1014.02
07Z31JAN2015    1.45906    -1.05351    1011.86
08Z31JAN2015    1.19802    0.344954    1013.41
09Z31JAN2015    2.25618    4.69883    1019.45
10Z31JAN2015    3.23511    6.88975    1025.22
11Z31JAN2015    3.11391    6.54014    1027.88
12Z31JAN2015    3.25375    6.58209    1029.24
13Z31JAN2015    3.26308    6.65202    1025.48
14Z31JAN2015    3.85043    8.01318    1023.05
15Z31JAN2015    3.64532    8.14371    1019.78
16Z31JAN2015    3.86908    9.22518    1015.12
17Z31JAN2015    4.47042    10.1761    1012.1
18Z31JAN2015    5.79429    9.26248    1005.99
19Z31JAN2015    5.16032    7.28598    1001.24
20Z31JAN2015    4.28862    4.23734    1001.02
21Z31JAN2015    5.21626    3.98095    1005.87
22Z31JAN2015    3.40292    2.35408    1009.43
23Z31JAN2015    2.50325    0.978923    1010.34
00Z01FEB2015    2.12566    -2.13965    1011.68
01Z01FEB2015    1.62222    -1.65485    1015.71
02Z01FEB2015    1.40312    -1.87394    1017.94
03Z01FEB2015    2.08371    -0.340292    1020.8
04Z01FEB2015    1.49169    -0.377585    1021.84
05Z01FEB2015    1.58958    0.209769    1021.51
06Z01FEB2015    1.51034    0.489462    1020.77
07Z01FEB2015    1.36583    0.0839077    1020.97
08Z01FEB2015    1.42177    -0.573369    1021.48
09Z01FEB2015    1.47771    -0.228415    1018.37
10Z01FEB2015    0.741185    -0.6666    1015.73
11Z01FEB2015    0.750508    -1.61289    1013.23
12Z01FEB2015    0.783138    -0.918323    1012.21
13Z01FEB2015    3.26774    2.44265    1011.45
14Z01FEB2015    5.71971    4.37252    1010.59
15Z01FEB2015    5.45866    5.37009    1008.58
16Z01FEB2015    6.31638    6.31638    1005.95
17Z01FEB2015    5.92482    4.58229    1005.63
18Z01FEB2015    5.03912    3.34698    1007.01
19Z01FEB2015    4.33523    2.38671    1009.04
20Z01FEB2015    4.17674    1.07215    1012.19
21Z01FEB2015    3.03    1.37049    1013.05
22Z01FEB2015    2.4846    0.853062    1012.59
23Z01FEB2015    1.6362    -1.02088    1013.27
00Z02FEB2015    1.8786    -1.32854    1012.85
01Z02FEB2015    1.72011    -2.33543    1011.52
02Z02FEB2015    1.72943    -2.38671    1009.65
03Z02FEB2015    1.60357    -2.27017    1008.02
04Z02FEB2015    1.37515    -2.26551    1005.8
05Z02FEB2015    1.35651    -2.41468    1003.93
06Z02FEB2015    1.38914    -1.04885    1002.38
07Z02FEB2015    1.21666    -0.307662    999.782
08Z02FEB2015    1.08614    0.0652615    998.185
09Z02FEB2015    1.73409    0.326308    998.291
10Z02FEB2015    2.17694    -0.531415    999.938
11Z02FEB2015    3.20714    2.22355    1001.21
12Z02FEB2015    3.31902    3.36097    1001.47
13Z02FEB2015    4.71282    4.77342    999.745
14Z02FEB2015    5.05311    6.01805    998.701
15Z02FEB2015    5.04845    6.54946    998.919
16Z02FEB2015    5.60783    6.57743    998.869
17Z02FEB2015    5.30949    6.25578    999.291
18Z02FEB2015    4.82469    5.2722    1001.16
19Z02FEB2015    4.00426    4.79206    1002.82
20Z02FEB2015    5.03446    6.55878    1004.19
21Z02FEB2015    4.81537    5.73835    1003.28
22Z02FEB2015    4.28862    5.30017    1003.97
23Z02FEB2015    4.36786    4.1208    1003.77
00Z03FEB2015    4.88063    4.09283    1002.31
01Z03FEB2015    4.57297    3.36563    1001.17
02Z03FEB2015    5.04378    2.51723    999.285
03Z03FEB2015    3.36097    1.41711    997.62
04Z03FEB2015    1.47771    -1.08148    997.054
05Z03FEB2015    1.35651    -1.68282    996.78
06Z03FEB2015    1.25862    -1.61755    996.687
07Z03FEB2015    1.31922    -0.205108    996.942
08Z03FEB2015    1.74808    1.38914    998.266
09Z03FEB2015    3.05797    2.7876    1000.77
10Z03FEB2015    3.44022    4.26065    1002.83
11Z03FEB2015    3.58938    5.27686    1004.67
12Z03FEB2015    3.34232    6.70329    1006.2
13Z03FEB2015    3.58472    7.72883    1006.5
14Z03FEB2015    3.65931    8.19032    1005.55
15Z03FEB2015    3.96697    8.3628    1004.85
16Z03FEB2015    4.07418    8.25558    1003.33
17Z03FEB2015    3.95298    7.9386    1002.36
18Z03FEB2015    4.00426    7.64958    1001.97
19Z03FEB2015    4.02291    7.5144    1002.03
20Z03FEB2015    3.75254    7.00163    1001.96
21Z03FEB2015    3.79449    6.73126    1001.68
22Z03FEB2015    3.66863    6.31172    1001.12
23Z03FEB2015    3.63134    6.35834    1001.11
00Z04FEB2015    3.74322    5.38408    1001.53
            
            
            
            
            
            
            
            
            
            
            
            
            
            
            
            
            
            
            
            
            
            
            
            
            
            
            
            
            
            
            
            
            
            
            
            
            
            
            
            
            
            
            
            
            
            
            
            
            
            
            
            
            
            
            
            
            
            
            
            
            
            
            
            
            
            
            
            
            
            
            
            
            
            
            
            
            
            
            
            
            
            
            
            
            
            
            
            
            
            
            
            
            
            
            
            
            
            
            
            
            
            
            
            
            
            
            
            
            
            
            
            
            
            
            
            
            
            
            
            
            
            
            
            
            
            
            
            
            
            
            
            
            
            
            
            
            
            
            
            
            
            
            
            
