tyd    u    v    psl
01Z30JAN2015    3.78983    -4.39583    1010.62
02Z30JAN2015    4.47974    -5.30017    1010.6
03Z30JAN2015    3.28172    -6.58209    1008.55
04Z30JAN2015    2.97872    -8.17168    1011.16
05Z30JAN2015    2.53122    -7.03892    1012.85
06Z30JAN2015    2.62445    -9.49089    1009.96
07Z30JAN2015    1.88326    -9.61209    1010.29
08Z30JAN2015    1.91123    -8.77302    1006.1
09Z30JAN2015    2.52655    -6.35368    1002.63
10Z30JAN2015    4.34455    -4.61958    1011.85
11Z30JAN2015    5.24889    -6.63337    1019.91
12Z30JAN2015    6.26977    -8.26957    1025.22
13Z30JAN2015    5.82692    -6.06932    1025.56
14Z30JAN2015    5.09506    -7.63094    1022.69
15Z30JAN2015    3.38428    -6.26977    1012.42
16Z30JAN2015    2.15363    -6.69397    1008.9
17Z30JAN2015    2.40069    -5.9994    1004.62
18Z30JAN2015    3.26308    -3.73855    997.135
19Z30JAN2015    4.26531    -4.99251    987.781
20Z30JAN2015    3.10925    -6.16722    994.456
21Z30JAN2015    3.49615    -6.41894    1005.38
22Z30JAN2015    2.06972    -7.00629    1012.09
23Z30JAN2015    3.51014    -5.31415    1010.72
00Z31JAN2015    5.67309    -2.61512    1009.74
01Z31JAN2015    5.38874    -2.97872    1009.62
02Z31JAN2015    3.98562    7.09952    1014.97
03Z31JAN2015    -0.829754    1.85063    1020.79
04Z31JAN2015    0.936969    4.13945    1021.76
05Z31JAN2015    2.29814    4.61026    1018.71
06Z31JAN2015    0.661938    5.98075    1017.42
07Z31JAN2015    -0.526754    7.01095    1016.17
08Z31JAN2015    -1.94852    8.02251    1015.15
09Z31JAN2015    -1.55695    9.36503    1013.9
10Z31JAN2015    -1.34718    9.50954    1012.5
11Z31JAN2015    -2.46129    9.25315    1013.34
12Z31JAN2015    -0.964938    9.76592    1018.01
13Z31JAN2015    -1.51034    9.5142    1020.5
14Z31JAN2015    -2.09303    9.71931    1018.2
15Z31JAN2015    -1.45906    10.8987    1013.24
16Z31JAN2015    -1.86928    11.211    1011.14
17Z31JAN2015    -2.121    11.4814    1006.41
18Z31JAN2015    -2.45197    11.9662    1009.16
19Z31JAN2015    -2.93211    11.9335    1015.2
20Z31JAN2015    -2.46129    11.2902    1019.91
21Z31JAN2015    -1.68748    11.5746    1018.55
22Z31JAN2015    -2.23288    12.3298    1017.68
23Z31JAN2015    -3.83645    13.001    1017.93
00Z01FEB2015    -3.91569    12.8752    1018.19
01Z01FEB2015    -3.93434    11.831    1017.37
02Z01FEB2015    -5.32348    12.1992    1017.61
03Z01FEB2015    -5.01115    12.3344    1015.63
04Z01FEB2015    -5.43535    12.5628    1013.78
05Z01FEB2015    -4.90394    12.5256    1012.43
06Z01FEB2015    -4.41448    12.684    1009.74
07Z01FEB2015    -5.24423    12.5628    1004.46
08Z01FEB2015    -4.79206    12.2598    1001.62
09Z01FEB2015    -4.76875    12.0547    1003.14
10Z01FEB2015    -5.47265    12.5302    1008.1
11Z01FEB2015    -4.26065    12.5256    1011.51
12Z01FEB2015    -4.50305    12.162    1010.4
13Z01FEB2015    -5.54723    11.7797    1006.18
14Z01FEB2015    -4.38651    11.7657    1004.37
15Z01FEB2015    -4.76409    12.1713    1002.16
16Z01FEB2015    -4.87597    11.9708    1000.65
17Z01FEB2015    -5.05777    11.0805    999.932
18Z01FEB2015    -4.49838    11.8776    1000.87
19Z01FEB2015    -4.62425    13.1828    1002.98
20Z01FEB2015    -5.35611    12.754    1004.05
21Z01FEB2015    -6.3024    12.3484    1006.1
22Z01FEB2015    -7.05291    11.9009    1007.95
23Z01FEB2015    -7.54237    11.6632    1007.4
00Z02FEB2015    -7.17411    11.253    1007.79
01Z02FEB2015    -6.40495    10.3626    1007.28
02Z02FEB2015    -6.92238    9.98968    1007.2
03Z02FEB2015    -4.91326    8.31618    1003.49
04Z02FEB2015    -3.78517    7.71018    1001.26
05Z02FEB2015    -3.13722    6.75457    999.167
06Z02FEB2015    -0.680585    6.46555    997.346
07Z02FEB2015    0.251723    6.02271    997.694
08Z02FEB2015    0.354277    5.35611    999.901
09Z02FEB2015    -0.438185    6.93637    1002.62
10Z02FEB2015    -0.149169    6.363    1005.53
11Z02FEB2015    0.540738    7.15546    1007.17
12Z02FEB2015    1.61289    7.27666    1007.53
13Z02FEB2015    1.23997    7.26268    1008.21
14Z02FEB2015    0.9696    7.32794    1007.18
15Z02FEB2015    -0.205108    7.58898    1005.07
16Z02FEB2015    -0.536077    8.47468    1004
17Z02FEB2015    -1.59425    8.94083    1004.16
18Z02FEB2015    -1.76672    10.7402    1004.4
19Z02FEB2015    -1.65951    10.3859    1003.75
20Z02FEB2015    -1.81334    10.3812    1002.78
21Z02FEB2015    -2.75031    9.53285    1002.42
22Z02FEB2015    -2.51723    9.22985    1002.78
23Z02FEB2015    -1.97649    9.36503    1003.88
00Z03FEB2015    -1.60357    9.00609    1004.29
01Z31JAN2015    4.53102    -7.57034    1013.64
02Z31JAN2015    2.69437    -8.95948    1013.15
03Z31JAN2015    3.03932    -8.73106    1014.54
04Z31JAN2015    1.36117    -8.11574    1011.25
05Z31JAN2015    1.30057    3.46818    1017.47
06Z31JAN2015    5.04845    5.71971    1013.8
07Z31JAN2015    3.31902    5.14634    1012.21
08Z31JAN2015    5.10438    5.62182    1013.78
09Z31JAN2015    3.19782    7.19275    1019.99
10Z31JAN2015    5.12769    8.26025    1026.12
11Z31JAN2015    3.72923    6.19518    1028.68
12Z31JAN2015    3.34232    5.39806    1029.82
13Z31JAN2015    3.92035    6.10662    1026.55
14Z31JAN2015    2.83888    6.76855    1024.07
15Z31JAN2015    2.73166    7.61695    1020.45
16Z31JAN2015    0.526754    8.89888    1015.89
17Z31JAN2015    0.508108    11.3975    1013.63
18Z31JAN2015    -3.13255    10.0223    1007.5
19Z31JAN2015    -3.23977    10.936    1002.95
20Z31JAN2015    -5.28152    10.7215    1002.39
21Z31JAN2015    -6.12526    11.1551    1007.41
22Z31JAN2015    -7.43982    11.2996    1011.08
23Z31JAN2015    -8.43272    10.95    1012.23
00Z01FEB2015    -7.42117    10.1249    1013.18
01Z01FEB2015    -6.95035    9.90577    1016.39
02Z01FEB2015    -6.42826    10.5957    1019.03
03Z01FEB2015    -6.58675    11.0478    1021.72
04Z01FEB2015    -6.57277    10.1994    1022.36
05Z01FEB2015    -7.23471    10.4279    1021.96
06Z01FEB2015    -8.10175    11.9056    1021.73
07Z01FEB2015    -7.49575    11.3695    1022.74
08Z01FEB2015    -7.43515    10.936    1023
09Z01FEB2015    -7.90131    11.3089    1020.27
10Z01FEB2015    -7.44914    11.514    1017.79
11Z01FEB2015    -7.22538    13.0476    1015.66
12Z01FEB2015    -6.95035    12.4323    1015.4
13Z01FEB2015    -6.35368    12.437    1014.05
14Z01FEB2015    -6.38631    12.9078    1013.47
15Z01FEB2015    -7.31395    14.1571    1011
16Z01FEB2015    -7.71951    14.3622    1008.82
17Z01FEB2015    -8.10642    13.8681    1008.53
18Z01FEB2015    -8.69843    13.593    1009.83
19Z01FEB2015    -8.91286    13.8774    1011.93
20Z01FEB2015    -10.1062    15.7001    1015.21
21Z01FEB2015    -10.2367    15.3504    1016.12
22Z01FEB2015    -10.3067    15.1826    1015.47
23Z01FEB2015    -9.95705    14.586    1015.54
00Z02FEB2015    -10.2461    13.4672    1015.02
01Z02FEB2015    -9.36037    12.0734    1013.31
02Z02FEB2015    -9.26248    12.2738    1011.3
03Z02FEB2015    -9.16925    12.0081    1009.31
04Z02FEB2015    -8.47002    11.1784    1007.12
05Z02FEB2015    -7.91995    11.1597    1005.05
06Z02FEB2015    -7.36989    11.211    1003.54
07Z02FEB2015    -7.27666    11.0618    1001.39
08Z02FEB2015    -6.58209    11.803    999.484
09Z02FEB2015    -6.40962    12.2319    1000.2
10Z02FEB2015    -5.64046    13.5418    1002.02
11Z02FEB2015    -5.36077    13.8261    1003.16
12Z02FEB2015    -4.848    13.0383    1003.69
13Z02FEB2015    -4.4844    12.7493    1002
14Z02FEB2015    -4.04622    12.1107    1000.73
15Z02FEB2015    -3.67795    12.2692    1000.59
16Z02FEB2015    -3.19782    12.078    1000.74
17Z02FEB2015    -3.47285    11.4208    1000.88
18Z02FEB2015    -3.84111    12.4416    1003.23
19Z02FEB2015    -3.90171    12.2505    1004.7
20Z02FEB2015    -4.80605    12.8892    1006.35
21Z02FEB2015    -5.36543    12.6328    1005.71
22Z02FEB2015    -5.23957    12.0314    1005.77
23Z02FEB2015    -5.53325    11.8496    1005.38
00Z03FEB2015    -5.20228    10.619    1003.75
01Z03FEB2015    -4.99717    10.6143    1002.48
02Z03FEB2015    -4.64755    10.1901    1000.78
03Z03FEB2015    -4.67552    9.58878    998.651
04Z03FEB2015    -4.20005    8.68445    997.47
05Z03FEB2015    -3.74322    8.33017    997.327
06Z03FEB2015    -1.93454    8.20897    997.228
07Z03FEB2015    -1.57094    8.69377    997.955
08Z03FEB2015    -0.270369    8.66114    999.043
09Z03FEB2015    -0.438185    7.79409    1002.04
10Z03FEB2015    1.60357    7.37455    1004.16
11Z03FEB2015    2.07438    6.93171    1006.18
12Z03FEB2015    1.90191    6.70795    1007.58
13Z03FEB2015    1.39846    6.97832    1007.72
14Z03FEB2015    1.49169    7.78943    1007.04
15Z03FEB2015    0.871708    7.80808    1006.14
16Z03FEB2015    0.773815    7.57966    1004.47
17Z03FEB2015    -1.05817    6.9084    1003.48
18Z03FEB2015    0.247062    6.40495    1002.98
19Z03FEB2015    -0.494123    5.98542    1002.92
20Z03FEB2015    -0.825092    6.22782    1002.39
21Z03FEB2015    -0.358938    6.43758    1002.63
22Z03FEB2015    -1.17005    5.88752    1001.95
23Z03FEB2015    -0.811108    5.9388    1001.83
00Z04FEB2015    -1.28658    6.26977    1002.32
            
            
            
            
            
            
            
            
            
            
            
            
            
            
            
            
            
            
            
            
            
            
            
            
            
            
            
            
            
            
            
            
            
            
            
            
            
            
            
            
            
            
            
            
            
            
            
            
            
            
            
            
            
            
            
            
            
            
            
            
            
            
            
            
            
            
            
            
            
            
            
            
            
            
            
            
            
            
            
            
            
            
            
            
            
            
            
            
            
            
            
            
            
            
            
            
            
            
            
            
            
            
            
            
            
            
            
            
            
            
            
            
            
            
            
            
            
            
            
            
            
            
            
            
            
            
            
            
            
            
            
            
            
            
            
            
            
            
            
            
            
            
            
            
