tyd    u    v    psl
01Z30JAN2015    0.606    -6.40495    1010.7
02Z30JAN2015    0.205108    -5.84091    1010.99
03Z30JAN2015    0.610662    -6.19985    1009.19
04Z30JAN2015    0.177138    -6.33037    1010.76
05Z30JAN2015    0.745846    -5.3328    1013.51
06Z30JAN2015    0.442846    -5.22558    1010.29
07Z30JAN2015    1.06749    -3.71991    1011.04
08Z30JAN2015    2.9694    -2.2422    1006.17
09Z30JAN2015    4.08351    -1.67349    1002.19
10Z30JAN2015    5.72903    -2.44265    1011.84
11Z30JAN2015    7.02028    -3.63134    1020.19
12Z30JAN2015    7.35125    -4.21869    1024.76
13Z30JAN2015    7.60297    -3.64532    1025.35
14Z30JAN2015    7.35591    -3.10925    1022.59
15Z30JAN2015    6.01805    -2.67572    1012.55
16Z30JAN2015    4.59628    -1.65485    1009.22
17Z30JAN2015    2.97406    -2.81091    1005.1
18Z30JAN2015    1.74342    -3.59871    997.464
19Z30JAN2015    1.28192    -5.0904    988.427
20Z30JAN2015    1.90191    -5.26288    995.09
21Z30JAN2015    3.38894    -5.27686    1005.48
22Z30JAN2015    2.47062    -5.10905    1012.14
23Z30JAN2015    0.358938    -3.65931    1010.53
00Z31JAN2015    1.3938    -3.43089    1009.07
01Z31JAN2015    1.68748    -4.54034    1009.68
02Z31JAN2015    2.24686    -4.25598    1014.99
03Z31JAN2015    2.92278    -4.1814    1021.31
04Z31JAN2015    -0.149169    -2.38671    1021.97
05Z31JAN2015    -0.200446    0.7272    1017.91
06Z31JAN2015    1.23065    0.922985    1017.07
07Z31JAN2015    0.186462    3.16985    1015.33
08Z31JAN2015    -1.50102    4.31192    1014.73
09Z31JAN2015    -0.675923    6.68931    1013.23
10Z31JAN2015    -0.293677    6.95968    1011.75
11Z31JAN2015    0.0233077    7.24403    1012.28
12Z31JAN2015    0.172477    7.37922    1017.66
13Z31JAN2015    -0.0978923    6.76389    1019.93
14Z31JAN2015    0.708554    6.81517    1017.17
15Z31JAN2015    -0.209769    8.04582    1012.77
16Z31JAN2015    -0.955615    8.20431    1010.14
17Z31JAN2015    -0.834415    7.05757    1006.1
18Z31JAN2015    -2.22355    8.60054    1008.4
19Z31JAN2015    -2.02777    8.43738    1014.82
20Z31JAN2015    -1.55229    8.46069    1018.68
21Z31JAN2015    -1.51966    7.22538    1018.14
22Z31JAN2015    -1.63154    7.23005    1017.19
23Z31JAN2015    -1.37049    7.50042    1017.19
00Z01FEB2015    -1.41711    7.575    1017.81
01Z01FEB2015    -1.31455    6.77788    1016.63
02Z01FEB2015    -1.21666    6.4842    1017.19
03Z01FEB2015    -1.12809    6.65202    1014.95
04Z01FEB2015    -0.853062    5.97143    1013.33
05Z01FEB2015    -0.890354    6.20917    1012.2
06Z01FEB2015    -0.689908    6.87577    1009.22
07Z01FEB2015    -0.759831    8.26957    1003.41
08Z01FEB2015    -1.45906    9.20188    1000.8
09Z01FEB2015    -0.8484    9.42097    1002.24
10Z01FEB2015    -1.22132    9.84517    1006.92
11Z01FEB2015    -0.615323    9.83585    1010.26
12Z01FEB2015    -0.368262    9.84983    1009.12
13Z01FEB2015    -0.540738    10.1808    1005.1
14Z01FEB2015    -0.382246    10.0922    1002.95
15Z01FEB2015    -0.172477    9.22052    1001.45
16Z01FEB2015    -0.186462    8.66114    999.72
17Z01FEB2015    0.144508    7.41651    999.055
18Z01FEB2015    -0.601338    6.76855    1000.89
19Z01FEB2015    -0.825092    3.52412    1000.81
20Z01FEB2015    -0.871708    5.30483    1002.95
21Z01FEB2015    -0.853062    5.37942    1004.51
22Z01FEB2015    -0.960277    5.49129    1007.02
23Z01FEB2015    -1.44508    5.10905    1006.88
00Z02FEB2015    -1.9392    4.47974    1007.3
01Z02FEB2015    -1.44508    3.03    1007.3
02Z02FEB2015    -2.35408    2.38671    1005.87
03Z02FEB2015    -1.55229    1.05351    1003.74
04Z02FEB2015    -0.834415    1.58492    1001.65
05Z02FEB2015    -0.5454    2.03243    999.068
06Z02FEB2015    -0.116538    2.06506    997.514
07Z02FEB2015    0.256385    3.14188    997.98
08Z02FEB2015    0.769154    3.82712    1000.93
09Z02FEB2015    2.62445    2.53588    1002.59
10Z02FEB2015    3.05797    0.550062    1004.46
11Z02FEB2015    3.37495    0.289015    1005.74
12Z02FEB2015    2.58249    2.96474    1007.18
13Z02FEB2015    0.512769    5.69174    1006.82
14Z02FEB2015    -0.0559385    6.65202    1006.21
15Z02FEB2015    -0.251723    6.81517    1004.43
16Z02FEB2015    -0.582692    7.36523    1003.8
17Z02FEB2015    -0.610662    6.80118    1003.97
18Z02FEB2015    -0.936969    6.19518    1003.86
19Z02FEB2015    -1.04418    5.85489    1003.1
20Z02FEB2015    -1.11411    5.88752    1002.41
21Z02FEB2015    -1.31455    6.13925    1002.18
22Z02FEB2015    -1.53831    5.23957    1002.43
23Z02FEB2015    -1.83198    4.49372    1003.51
00Z03FEB2015    -1.85995    4.20937    1003.82
01Z31JAN2015    -2.68971    -8.52129    1013.98
02Z31JAN2015    -2.47994    -9.77525    1012.74
03Z31JAN2015    -2.52189    -7.41651    1014.28
04Z31JAN2015    -1.64086    -6.20917    1010.91
05Z31JAN2015    2.77362    -2.02777    1017.88
06Z31JAN2015    1.3938    -1.43575    1013.92
07Z31JAN2015    1.36117    -1.30057    1011.77
08Z31JAN2015    2.04175    -0.829754    1013.17
09Z31JAN2015    0.340292    4.16742    1019.37
10Z31JAN2015    1.11877    4.47974    1025.12
11Z31JAN2015    1.16538    3.86908    1027.77
12Z31JAN2015    0.997569    3.95765    1029.39
13Z31JAN2015    0.792462    4.23734    1025.59
14Z31JAN2015    -0.755169    5.61715    1023.51
15Z31JAN2015    -0.606    5.83158    1020.16
16Z31JAN2015    -0.354277    7.29997    1015.47
17Z31JAN2015    -2.09303    7.61229    1013.19
18Z31JAN2015    -2.06972    7.19742    1007.44
19Z31JAN2015    -1.89725    7.69154    1002.77
20Z31JAN2015    -1.98115    7.74282    1001.59
21Z31JAN2015    -1.58492    7.33726    1006.38
22Z31JAN2015    -2.51723    5.3934    1010.46
23Z31JAN2015    -3.76652    6.81983    1011.22
00Z01FEB2015    -4.50305    5.56122    1012.37
01Z01FEB2015    -3.68728    3.27706    1015.89
02Z01FEB2015    -1.28192    1.72477    1018.6
03Z01FEB2015    -1.47305    1.38914    1021.31
04Z01FEB2015    -2.40535    2.76429    1022.24
05Z01FEB2015    -2.58249    2.75963    1021.55
06Z01FEB2015    -3.23511    4.20471    1021.06
07Z01FEB2015    -1.06749    4.76875    1022.05
08Z01FEB2015    -0.3636    6.34902    1022.37
09Z01FEB2015    -0.3636    6.63337    1019.04
10Z01FEB2015    -0.741185    7.89198    1016.5
11Z01FEB2015    -0.0978923    8.89422    1014.38
12Z01FEB2015    -0.377585    8.6658    1014.08
13Z01FEB2015    -0.326308    7.58898    1013.17
14Z01FEB2015    0.522092    7.74748    1012.72
15Z01FEB2015    -0.200446    7.91995    1010.01
16Z01FEB2015    -0.857723    8.67978    1008.12
17Z01FEB2015    -0.806446    8.85226    1007.48
18Z01FEB2015    -0.862385    8.68911    1008.73
19Z01FEB2015    -1.50102    9.8172    1010.45
20Z01FEB2015    -1.40312    8.6052    1013.63
21Z01FEB2015    -1.22132    7.78011    1014.29
22Z01FEB2015    -1.32388    7.1508    1014.31
23Z01FEB2015    -2.68505    7.35125    1014.5
00Z02FEB2015    -2.52189    5.93414    1013.98
01Z02FEB2015    -3.23977    4.848    1012.39
02Z02FEB2015    -2.76895    3.74322    1010.57
03Z02FEB2015    -2.47994    2.6664    1008.63
04Z02FEB2015    -1.70146    1.90191    1006.21
05Z02FEB2015    -1.7574    1.58492    1004.43
06Z02FEB2015    -1.33786    2.95075    1002.73
07Z02FEB2015    -0.139846    5.12769    1000.77
08Z02FEB2015    0.340292    4.99717    999.13
09Z02FEB2015    0.480138    5.57054    999.59
10Z02FEB2015    0.801785    6.54014    1001.04
11Z02FEB2015    0.410215    7.24869    1002.41
12Z02FEB2015    0.116538    7.82206    1002.14
13Z02FEB2015    0.0885692    8.06912    1001.61
14Z02FEB2015    0.0419538    8.01785    999.919
15Z02FEB2015    -0.186462    7.59365    999.565
16Z02FEB2015    -1.05351    7.50042    1000.36
17Z02FEB2015    -1.2726    7.02028    1000.47
18Z02FEB2015    -1.54763    7.00629    1001.91
19Z02FEB2015    -1.9998    6.56345    1004.39
20Z02FEB2015    -1.52432    6.7266    1005.7
21Z02FEB2015    -1.3332    6.88509    1004.87
22Z02FEB2015    -1.47771    6.5448    1005.03
23Z02FEB2015    -1.47305    6.42826    1004.77
00Z03FEB2015    -1.515    5.79429    1003.18
01Z03FEB2015    -1.45906    6.08331    1001.9
02Z03FEB2015    -1.49169    5.60783    1000
03Z03FEB2015    -2.19092    4.3632    998.521
04Z03FEB2015    -2.33543    2.72234    997.309
05Z03FEB2015    -1.98115    2.45197    997.073
06Z03FEB2015    -0.997569    3.10925    997.004
07Z03FEB2015    0.913662    4.00426    997.408
08Z03FEB2015    0.685246    4.68951    998.664
09Z03FEB2015    1.22132    4.9692    1001.12
10Z03FEB2015    1.08614    4.56365    1003.44
11Z03FEB2015    0.820431    4.72214    1005.09
12Z03FEB2015    0.442846    5.52392    1006.27
13Z03FEB2015    -0.209769    6.21383    1006.68
14Z03FEB2015    -0.531415    6.80118    1006.03
15Z03FEB2015    -0.340292    6.88509    1005.19
16Z03FEB2015    -0.713215    6.94103    1003.74
17Z03FEB2015    -1.20734    6.16255    1002.82
18Z03FEB2015    -1.38914    4.65222    1002.65
19Z03FEB2015    -1.53831    3.56142    1002.61
20Z03FEB2015    -1.86928    3.40758    1001.98
21Z03FEB2015    -2.17228    3.76652    1002.11
22Z03FEB2015    -2.31212    3.98095    1001.79
23Z03FEB2015    -2.05574    3.70592    1001.27
00Z04FEB2015    -2.37272    3.37495    1002.26
            
            
            
            
            
            
            
            
            
            
            
            
            
            
            
            
            
            
            
            
            
            
            
            
            
            
            
            
            
            
            
            
            
            
            
            
            
            
            
            
            
            
            
            
            
            
            
            
            
            
            
            
            
            
            
            
            
            
            
            
            
            
            
            
            
            
            
            
            
            
            
            
            
            
            
            
            
            
            
            
            
            
            
            
            
            
            
            
            
            
            
            
            
            
            
            
            
            
            
            
            
            
            
            
            
            
            
            
            
            
            
            
            
            
            
            
            
            
            
            
            
            
            
            
            
            
            
            
            
            
            
            
            
            
            
            
            
            
            
            
            
            
            
            
