tyd    u    v    psl
01Z30JAN2015    7.00629    -5.26288    1010.08
02Z30JAN2015    3.84111    -6.33037    1009.96
03Z30JAN2015    4.58229    -6.40495    1008.57
04Z30JAN2015    5.07175    -6.03669    1009.78
05Z30JAN2015    3.85043    -6.35834    1013.03
06Z30JAN2015    5.18829    -4.9692    1009.42
07Z30JAN2015    5.50528    -3.79915    1010.72
08Z30JAN2015    4.242    -4.39117    1005.52
09Z30JAN2015    5.3934    -4.03689    1001.04
10Z30JAN2015    6.74058    -4.33989    1010.94
11Z30JAN2015    8.33017    -7.90131    1018.41
12Z30JAN2015    8.23228    -6.05534    1023.65
13Z30JAN2015    9.06669    -6.21383    1023.28
14Z30JAN2015    9.70532    -6.18586    1020.78
15Z30JAN2015    7.67289    -5.90617    1011.45
16Z30JAN2015    6.91772    -4.13012    1008.16
17Z30JAN2015    6.22782    -3.42157    1004.62
18Z30JAN2015    7.96191    -3.59405    996.42
19Z30JAN2015    7.74748    -5.22558    987.401
20Z30JAN2015    4.49838    -3.00669    994.655
21Z30JAN2015    7.06223    -4.99251    1005.49
22Z30JAN2015    7.22538    -5.07175    1011.41
23Z30JAN2015    3.55675    -4.7874    1010.57
00Z31JAN2015    3.9996    -5.10905    1008.68
01Z31JAN2015    4.97386    -4.85732    1008.94
02Z31JAN2015    8.70775    -5.70106    1014.03
03Z31JAN2015    8.27889    -5.17897    1020.01
04Z31JAN2015    6.363    -4.14411    1021.14
05Z31JAN2015    2.06506    -3.00203    1017.56
06Z31JAN2015    2.53122    -2.15363    1015.8
07Z31JAN2015    3.29571    -2.1816    1014.13
08Z31JAN2015    4.32591    -3.12789    1013.59
09Z31JAN2015    3.71058    -2.77828    1011.49
10Z31JAN2015    4.54034    -2.47528    1009.76
11Z31JAN2015    4.4238    -2.13498    1010.36
12Z31JAN2015    5.10438    -2.62445    1015.4
13Z31JAN2015    5.19762    -3.40758    1017.89
14Z31JAN2015    5.61249    -3.20714    1015.4
15Z31JAN2015    3.65465    -2.63843    1010.53
16Z31JAN2015    1.37049    0.564046    1008.06
17Z31JAN2015    1.6362    1.72477    1003.7
18Z31JAN2015    0.717877    1.32854    1006.3
19Z31JAN2015    0.643292    2.49858    1012.49
20Z31JAN2015    2.27949    -1.90657    1017.15
21Z31JAN2015    2.83888    -2.68038    1016.24
22Z31JAN2015    1.85529    0.466154    1015.21
23Z31JAN2015    3.10458    -1.58026    1015.44
00Z01FEB2015    3.70126    -3.33766    1016.04
01Z01FEB2015    3.4542    -3.23511    1015.38
02Z01FEB2015    2.45663    0.344954    1015.94
03Z01FEB2015    3.67329    -0.330969    1013.51
04Z01FEB2015    3.28172    -1.17005    1012
05Z01FEB2015    1.01155    0.811108    1011.13
06Z01FEB2015    1.27726    1.6362    1008.35
07Z01FEB2015    0.927646    2.6058    1002.47
08Z01FEB2015    0.671262    4.46575    999.211
09Z01FEB2015    0.512769    5.3328    1000.8
10Z01FEB2015    -0.904338    5.95745    1005.27
11Z01FEB2015    -1.35185    5.17897    1008.01
12Z01FEB2015    -1.515    5.89218    1006.55
13Z01FEB2015    -2.37738    6.06    1002.68
14Z01FEB2015    -1.95318    6.08331    1000.81
15Z01FEB2015    -1.95785    5.56122    999.335
16Z01FEB2015    -1.85995    5.16965    997.39
17Z01FEB2015    -1.40312    4.07418    997.334
18Z01FEB2015    0.00466154    4.60094    998.856
19Z01FEB2015    0.853062    4.32125    1000.45
20Z01FEB2015    1.48703    1.35651    1002.38
21Z01FEB2015    2.64775    0.624646    1004.39
22Z01FEB2015    0.167815    2.46595    1005.5
23Z01FEB2015    -0.0699231    3.24909    1005.77
00Z02FEB2015    2.47062    -2.73632    1006.57
01Z02FEB2015    4.06486    -4.66154    1006.21
02Z02FEB2015    3.64998    -3.29105    1004.97
03Z02FEB2015    3.41691    -5.46798    1003
04Z02FEB2015    3.29105    -6.33503    1000.57
05Z02FEB2015    2.98805    -6.52615    998.235
06Z02FEB2015    3.41691    -4.96454    996.401
07Z02FEB2015    3.53345    -4.28862    997.24
08Z02FEB2015    5.22092    -2.93211    999.832
09Z02FEB2015    5.78497    -2.78294    1002.19
10Z02FEB2015    5.90151    -2.61512    1003.63
11Z02FEB2015    6.35368    -1.66417    1004.81
12Z02FEB2015    6.68931    -1.22598    1005.99
13Z02FEB2015    5.89218    -1.23065    1006.02
14Z02FEB2015    4.58229    -1.47771    1004.67
15Z02FEB2015    2.39137    -0.135185    1002.31
16Z02FEB2015    1.41711    3.05797    1001.92
17Z02FEB2015    1.37049    2.96474    1002.18
18Z02FEB2015    1.82732    0.671262    1001.93
19Z02FEB2015    3.16518    -1.23997    1002.03
20Z02FEB2015    1.22598    0.414877    1000.64
21Z02FEB2015    1.58492    -1.65018    1000.96
22Z02FEB2015    1.35651    -0.00932308    1001.91
23Z02FEB2015    1.50102    0.694569    1002.65
00Z03FEB2015    1.67349    -0.643292    1002.92
01Z31JAN2015    7.40718    -5.83625    1013.1
02Z31JAN2015    5.17897    -7.89665    1012.62
03Z31JAN2015    7.37922    -6.93637    1012.85
04Z31JAN2015    7.60763    -6.07398    1010.3
05Z31JAN2015    9.01542    -4.13945    1016.8
06Z31JAN2015    5.19762    -4.88995    1014.03
07Z31JAN2015    6.80118    -3.94366    1011.21
08Z31JAN2015    6.40962    -3.98095    1013.13
09Z31JAN2015    7.03426    -3.11391    1018.25
10Z31JAN2015    6.95035    -2.69437    1024.07
11Z31JAN2015    7.09952    -4.23268    1026.71
12Z31JAN2015    8.07378    -2.97406    1028.21
13Z31JAN2015    7.83605    -2.56385    1024.4
14Z31JAN2015    7.85003    -3.81314    1021.27
15Z31JAN2015    6.28375    -3.18383    1017.92
16Z31JAN2015    0.8484    -0.354277    1013.92
17Z31JAN2015    1.29591    4.0602    1011.05
18Z31JAN2015    1.0908    1.07682    1005.3
19Z31JAN2015    0.153831    4.56365    1000.99
20Z31JAN2015    -0.568708    5.41205    999.845
21Z31JAN2015    -0.578031    5.85023    1005.13
22Z31JAN2015    -1.02554    6.19052    1008.98
23Z31JAN2015    -0.456831    4.17208    1010.17
00Z01FEB2015    5.32348    -3.69194    1010.76
01Z01FEB2015    3.51014    -4.02757    1014.54
02Z01FEB2015    3.71991    -6.74991    1017.37
03Z01FEB2015    3.37029    -6.25112    1020.32
04Z01FEB2015    3.25375    -3.73389    1021.06
05Z01FEB2015    2.07438    -0.433523    1020.69
06Z01FEB2015    1.84131    2.30746    1019.83
07Z01FEB2015    1.40778    3.80382    1020.21
08Z01FEB2015    -0.214431    6.45157    1020.48
09Z01FEB2015    -0.703892    7.20674    1017.38
10Z01FEB2015    -1.97183    7.09952    1015.06
11Z01FEB2015    -2.42866    6.31172    1012.77
12Z01FEB2015    -3.05797    6.04602    1012.56
13Z01FEB2015    -1.11411    4.74078    1011.11
14Z01FEB2015    1.86928    1.4544    1010.58
15Z01FEB2015    -2.20957    4.242    1007.56
16Z01FEB2015    -3.35631    5.89685    1005.33
17Z01FEB2015    -2.48926    4.53102    1005.13
18Z01FEB2015    -2.0604    5.79895    1006.87
19Z01FEB2015    -2.70835    7.37922    1008.75
20Z01FEB2015    -2.69437    6.74991    1012.23
21Z01FEB2015    -2.68971    6.92705    1013.16
22Z01FEB2015    -2.59648    5.77098    1012.39
23Z01FEB2015    -1.32854    5.6964    1012.44
00Z02FEB2015    -0.857723    4.6662    1011.78
01Z02FEB2015    1.41245    2.15829    1010.95
02Z02FEB2015    2.71302    2.94609    1008.64
03Z02FEB2015    3.88306    -3.60803    1007.03
04Z02FEB2015    5.07175    -1.21666    1004.55
05Z02FEB2015    2.19558    2.53588    1003.69
06Z02FEB2015    2.75497    2.56385    1001.58
07Z02FEB2015    2.12566    2.16762    999.515
08Z02FEB2015    1.2726    2.04642    997.458
09Z02FEB2015    2.17694    0.936969    998.048
10Z02FEB2015    3.0906    -1.27726    999.876
11Z02FEB2015    3.333    -1.1514    1001.31
12Z02FEB2015    3.40758    -0.153831    1000.51
13Z02FEB2015    3.91103    -0.461492    999.372
14Z02FEB2015    4.57763    -1.76206    997.856
15Z02FEB2015    4.10215    -1.64086    996.923
16Z02FEB2015    3.28638    -1.59425    997.899
17Z02FEB2015    2.74565    0.0186462    998.278
18Z02FEB2015    2.87151    0.293677    1000.02
19Z02FEB2015    3.41691    -0.275031    1002.01
20Z02FEB2015    0.839077    1.38914    1003.33
21Z02FEB2015    0.773815    -0.354277    1002.98
22Z02FEB2015    2.34475    -0.936969    1002.98
23Z02FEB2015    2.26085    -1.86462    1002.8
00Z03FEB2015    3.79449    -3.08594    1001.56
01Z03FEB2015    3.94366    -3.32368    1000.33
02Z03FEB2015    2.48926    -2.54986    998.974
03Z03FEB2015    3.43089    -5.08574    997.153
04Z03FEB2015    3.36097    -7.03892    996.084
05Z03FEB2015    2.51257    -7.77545    995.954
06Z03FEB2015    2.18626    -5.0298    996.146
07Z03FEB2015    3.07662    -3.91569    996.681
08Z03FEB2015    5.6964    -4.08817    997.688
09Z03FEB2015    6.59142    -3.89705    1000.25
10Z03FEB2015    7.30463    -3.17451    1002.16
11Z03FEB2015    7.36989    -2.50791    1003.97
12Z03FEB2015    7.26268    -2.93211    1004.86
13Z03FEB2015    6.17188    -2.92745    1005.1
14Z03FEB2015    4.85732    -2.51257    1004.03
15Z03FEB2015    4.27463    -1.88326    1002.99
16Z03FEB2015    2.61046    -0.233077    1002.07
17Z03FEB2015    1.78537    2.02311    1001.1
18Z03FEB2015    1.30057    0.326308    1000.82
19Z03FEB2015    1.62688    0.0139846    1001.39
20Z03FEB2015    1.97649    -2.121    1000.99
21Z03FEB2015    1.79935    -2.45663    1001.26
22Z03FEB2015    1.36117    -0.675923    1000.81
23Z03FEB2015    1.30057    1.28658    1000.46
00Z04FEB2015    1.78071    0.442846    1001.38
            
            
            
            
            
            
            
            
            
            
            
            
            
            
            
            
            
            
            
            
            
            
            
            
            
            
            
            
            
            
            
            
            
            
            
            
            
            
            
            
            
            
            
            
            
            
            
            
            
            
            
            
            
            
            
            
            
            
            
            
            
            
            
            
            
            
            
            
            
            
            
            
            
            
            
            
            
            
            
            
            
            
            
            
            
            
            
            
            
            
            
            
            
            
            
            
            
            
            
            
            
            
            
            
            
            
            
            
            
            
            
            
            
            
            
            
            
            
            
            
            
            
            
            
            
            
            
            
            
            
            
            
            
            
            
            
            
            
            
            
            
            
            
            
