tyd    u    v    psl
01Z30JAN2015    1.96717    -4.59162    1011.43
02Z30JAN2015    2.25152    -4.7268    1011.27
03Z30JAN2015    1.34718    -4.79206    1009.58
04Z30JAN2015    -0.130523    -4.69883    1011.49
05Z30JAN2015    0.0372923    -3.43555    1013.69
06Z30JAN2015    0.992908    -4.33989    1010.91
07Z30JAN2015    2.45663    -3.82246    1010.58
08Z30JAN2015    3.84577    -3.65465    1006.46
09Z30JAN2015    4.01358    -2.53122    1002.54
10Z30JAN2015    4.96454    -2.20491    1012.34
11Z30JAN2015    5.72903    -3.23511    1021.08
12Z30JAN2015    5.78963    -3.68728    1025.5
13Z30JAN2015    6.46089    -3.55209    1025.69
14Z30JAN2015    6.20917    -3.51946    1023.15
15Z30JAN2015    5.14168    -3.25375    1012.81
16Z30JAN2015    4.38651    -2.09303    1009.14
17Z30JAN2015    3.636    -1.82732    1004.95
18Z30JAN2015    1.38914    -1.65485    997.769
19Z30JAN2015    0.559385    -1.44042    988.576
20Z30JAN2015    0.0792462    -1.98582    994.854
21Z30JAN2015    1.05817    -2.09303    1006.17
22Z30JAN2015    0.293677    -2.90414    1012.84
23Z30JAN2015    -1.39846    -2.83422    1010.98
00Z31JAN2015    -1.30057    -2.46129    1009.82
01Z31JAN2015    1.79469    -2.54054    1010.21
02Z31JAN2015    2.81557    -2.12566    1015.4
03Z31JAN2015    3.40758    -1.17005    1021.29
04Z31JAN2015    0.0233077    -1.31455    1022.1
05Z31JAN2015    -0.554723    -2.01378    1017.86
06Z31JAN2015    1.78071    1.53831    1016.78
07Z31JAN2015    0.400892    5.08108    1015.64
08Z31JAN2015    1.20268    6.29774    1014.71
09Z31JAN2015    0.955615    6.73126    1013.03
10Z31JAN2015    1.47771    7.36057    1012.29
11Z31JAN2015    1.83198    8.32551    1012.66
12Z31JAN2015    2.4846    8.91752    1017.79
13Z31JAN2015    1.85063    8.22762    1020.77
14Z31JAN2015    2.49858    7.31395    1017.66
15Z31JAN2015    2.52189    8.25092    1012.63
16Z31JAN2015    1.36117    9.5748    1009.8
17Z31JAN2015    0.480138    10.5164    1005.58
18Z31JAN2015    -0.503446    7.85469    1008.35
19Z31JAN2015    -0.149169    7.38388    1014.85
20Z31JAN2015    0.783138    6.82915    1019.08
21Z31JAN2015    0.419538    6.97832    1018.11
22Z31JAN2015    -0.261046    7.43982    1017.21
23Z31JAN2015    -3.06729    6.17188    1016.99
00Z01FEB2015    -5.59851    6.05534    1017.97
01Z01FEB2015    -2.6058    6.81051    1016.86
02Z01FEB2015    -1.68282    6.61472    1017.35
03Z01FEB2015    -2.27017    6.17654    1015.06
04Z01FEB2015    -4.10215    5.65911    1013.24
05Z01FEB2015    -2.88083    3.66397    1012.08
06Z01FEB2015    -2.00446    5.29085    1009.34
07Z01FEB2015    -3.78051    8.88489    1003.2
08Z01FEB2015    -2.85286    9.62142    1000.61
09Z01FEB2015    -2.45663    10.3626    1002.25
10Z01FEB2015    -0.237738    10.9313    1007.16
11Z01FEB2015    0.871708    10.2834    1010.46
12Z01FEB2015    -0.932308    10.88    1008.96
13Z01FEB2015    1.28658    10.0782    1005.09
14Z01FEB2015    1.85063    8.72174    1002.9
15Z01FEB2015    0.517431    9.14128    1001.77
16Z01FEB2015    0.214431    7.84537    1000.25
17Z01FEB2015    0.806446    5.22558    998.825
18Z01FEB2015    0.895015    4.10215    1000.06
19Z01FEB2015    0.1212    5.16498    1001.32
20Z01FEB2015    -1.72011    4.56831    1002.9
21Z01FEB2015    -2.70369    3.21646    1005.15
22Z01FEB2015    -2.70369    4.82935    1007.02
23Z01FEB2015    -2.16762    3.70592    1006.77
00Z02FEB2015    -3.29105    2.82955    1007.19
01Z02FEB2015    -4.42846    2.59648    1007.36
02Z02FEB2015    -4.4844    2.45663    1006.19
03Z02FEB2015    -1.70146    0.955615    1003.64
04Z02FEB2015    -2.19092    0.466154    1001.51
05Z02FEB2015    -1.98115    -1.12343    998.589
06Z02FEB2015    -2.75497    0.428862    997.097
07Z02FEB2015    -0.0279692    1.26794    997.8
08Z02FEB2015    2.71302    1.08148    1000.99
09Z02FEB2015    2.22822    3.63134    1003.27
10Z02FEB2015    2.21423    4.26531    1005.7
11Z02FEB2015    2.76429    3.92035    1007.15
12Z02FEB2015    3.53811    4.74078    1007.5
13Z02FEB2015    3.97163    5.47731    1007.52
14Z02FEB2015    3.70126    6.04602    1007.33
15Z02FEB2015    3.37962    6.54946    1005.53
16Z02FEB2015    3.20714    6.74991    1004.34
17Z02FEB2015    2.55452    6.68931    1004.37
18Z02FEB2015    1.37049    6.74058    1004.21
19Z02FEB2015    1.66417    7.29531    1003.62
20Z02FEB2015    0.433523    4.49838    1002.67
21Z02FEB2015    -1.44042    4.4238    1002.6
22Z02FEB2015    -1.55695    3.93434    1002.74
23Z02FEB2015    -1.20268    1.80868    1003.41
00Z03FEB2015    -0.428862    1.6362    1004.11
01Z31JAN2015    -1.18403    -6.80585    1014.02
02Z31JAN2015    -1.10945    -6.35368    1013.61
03Z31JAN2015    -0.592015    -6.03203    1014.27
04Z31JAN2015    -1.58492    -5.32814    1011.04
05Z31JAN2015    1.79469    -3.32834    1017.99
06Z31JAN2015    2.06972    -1.9998    1014.23
07Z31JAN2015    2.3028    -0.564046    1011.64
08Z31JAN2015    1.5756    2.52655    1013.52
09Z31JAN2015    2.01845    5.84091    1020.04
10Z31JAN2015    3.51946    7.34658    1025.86
11Z31JAN2015    3.12323    6.51217    1028.72
12Z31JAN2015    4.28395    6.01338    1030.21
13Z31JAN2015    2.98338    6.22782    1026.28
14Z31JAN2015    2.424    7.78943    1024.1
15Z31JAN2015    2.74565    7.5144    1020.49
16Z31JAN2015    2.86218    9.16458    1015.24
17Z31JAN2015    1.35185    10.4185    1012.32
18Z31JAN2015    -1.66883    9.17857    1006.94
19Z31JAN2015    -2.15829    5.61249    1002.37
20Z31JAN2015    -2.86218    5.6964    1001.62
21Z31JAN2015    -1.49635    6.64269    1006.12
22Z31JAN2015    -3.70126    4.85732    1010.67
23Z31JAN2015    -3.25375    4.4844    1011.96
00Z01FEB2015    -3.12323    2.26551    1012.4
01Z01FEB2015    -1.79003    1.58492    1016.12
02Z01FEB2015    -3.59405    1.55695    1018.24
03Z01FEB2015    -5.37942    2.41934    1021.05
04Z01FEB2015    -3.9996    3.47751    1022
05Z01FEB2015    -5.83625    4.86198    1021.69
06Z01FEB2015    -3.68728    5.41205    1020.88
07Z01FEB2015    -0.428862    8.91752    1021.92
08Z01FEB2015    -3.65931    9.12263    1022.57
09Z01FEB2015    -2.69903    6.99697    1018.88
10Z01FEB2015    -0.675923    9.38834    1016.46
11Z01FEB2015    -2.52655    9.11331    1014.3
12Z01FEB2015    -1.67815    8.57723    1014.04
13Z01FEB2015    -0.839077    9.61675    1012.82
14Z01FEB2015    -2.47994    9.06669    1012.22
15Z01FEB2015    -1.03952    4.68485    1009.38
16Z01FEB2015    -2.54986    9.31842    1007.32
17Z01FEB2015    -3.333    9.06203    1006.76
18Z01FEB2015    -3.43555    8.23228    1007.9
19Z01FEB2015    -4.35388    7.13682    1009.68
20Z01FEB2015    -4.41448    7.17877    1013.42
21Z01FEB2015    -4.26065    5.07175    1014.38
22Z01FEB2015    -4.54966    4.26531    1013.85
23Z01FEB2015    -4.1208    4.29328    1013.92
00Z02FEB2015    -3.939    3.19315    1013.66
01Z02FEB2015    -3.40292    3.92035    1012.01
02Z02FEB2015    -4.25598    2.28415    1009.93
03Z02FEB2015    -3.6966    2.32145    1008.43
04Z02FEB2015    -3.77118    2.24686    1006.03
05Z02FEB2015    -3.13722    2.91812    1004.11
06Z02FEB2015    -4.32125    1.89258    1002.86
07Z02FEB2015    -0.750508    7.19275    1000.49
08Z02FEB2015    -1.30989    2.93677    998.651
09Z02FEB2015    -2.89015    7.16478    999.298
10Z02FEB2015    -0.107215    4.63357    1000.85
11Z02FEB2015    -2.49392    7.4538    1002.31
12Z02FEB2015    0.909    7.06689    1002.46
13Z02FEB2015    0.7272    7.10418    1000.83
14Z02FEB2015    0.722538    5.6964    999.695
15Z02FEB2015    1.32854    5.84557    998.962
16Z02FEB2015    0.694569    6.10195    1000.04
17Z02FEB2015    0.741185    6.43292    1000.29
18Z02FEB2015    0.158492    7.85003    1001.81
19Z02FEB2015    -2.27949    8.04115    1003.9
20Z02FEB2015    -2.13965    7.61695    1005.63
21Z02FEB2015    -2.424    7.64026    1005
22Z02FEB2015    -3.04398    7.4538    1004.99
23Z02FEB2015    -2.81091    6.12992    1004.52
00Z03FEB2015    -1.72943    5.29551    1003.11
01Z03FEB2015    -1.03952    5.59851    1002.13
02Z03FEB2015    -1.11877    3.23045    1000.13
03Z03FEB2015    -0.843738    5.29085    998.614
04Z03FEB2015    -2.15363    0.806446    997.408
05Z03FEB2015    -0.386908    0.470815    997.371
06Z03FEB2015    1.13742    -1.95785    997.091
07Z03FEB2015    -2.89482    -0.102554    997.564
08Z03FEB2015    3.16052    4.78274    999.31
09Z03FEB2015    3.37029    5.40272    1001.84
10Z03FEB2015    2.64309    6.16722    1004.46
11Z03FEB2015    3.34232    5.65911    1005.93
12Z03FEB2015    3.11391    5.72437    1007.32
13Z03FEB2015    3.49149    5.99474    1007.5
14Z03FEB2015    3.16052    6.28375    1006.83
15Z03FEB2015    2.99271    6.28842    1005.72
16Z03FEB2015    2.75963    7.02028    1004.33
17Z03FEB2015    2.31678    6.59608    1003
18Z03FEB2015    1.88326    6.04135    1003.1
19Z03FEB2015    1.60357    5.87354    1003.27
20Z03FEB2015    1.27726    5.78963    1002.36
21Z03FEB2015    0.619985    5.65445    1002.6
22Z03FEB2015    0.0233077    5.94812    1001.42
23Z03FEB2015    -0.433523    5.8176    1001.86
00Z04FEB2015    -1.48237    3.17917    1002.25
            
            
            
            
            
            
            
            
            
            
            
            
            
            
            
            
            
            
            
            
            
            
            
            
            
            
            
            
            
            
            
            
            
            
            
            
            
            
            
            
            
            
            
            
            
            
            
            
            
            
            
            
            
            
            
            
            
            
            
            
            
            
            
            
            
            
            
            
            
            
            
            
            
            
            
            
            
            
            
            
            
            
            
            
            
            
            
            
            
            
            
            
            
            
            
            
            
            
            
            
            
            
            
            
            
            
            
            
            
            
            
            
            
            
            
            
            
            
            
            
            
            
            
            
            
            
            
            
            
            
            
            
            
            
            
            
            
            
            
            
            
            
            
            
