tyd    u    v    psl
01Z30JAN2015    4.71748    -3.61269    1010.15
02Z30JAN2015    5.45866    -4.21869    1010.48
03Z30JAN2015    4.84334    -4.95055    1008.1
04Z30JAN2015    4.25598    -6.74058    1010.7
05Z30JAN2015    3.72923    -5.92015    1012.35
06Z30JAN2015    3.32368    -8.80565    1009.6
07Z30JAN2015    4.72214    -8.73106    1010.08
08Z30JAN2015    5.12769    -7.46312    1005.71
09Z30JAN2015    6.38631    -5.0298    1002.54
10Z30JAN2015    6.67532    -3.79449    1011.41
11Z30JAN2015    6.69397    -6.38165    1019.14
12Z30JAN2015    7.31862    -7.54237    1024.98
13Z30JAN2015    9.89178    -7.84537    1024.9
14Z30JAN2015    10.4232    -8.12506    1021.88
15Z30JAN2015    9.32774    -7.14148    1011.77
16Z30JAN2015    7.37922    -4.88995    1008.69
17Z30JAN2015    4.02757    -5.07175    1004.45
18Z30JAN2015    5.89685    -5.95278    996.83
19Z30JAN2015    4.1208    -6.50285    987.6
20Z30JAN2015    3.52878    -5.82226    994.493
21Z30JAN2015    5.16965    -6.55412    1004.84
22Z30JAN2015    3.42623    -7.29065    1011.87
23Z30JAN2015    7.93394    -3.46352    1010.95
00Z31JAN2015    6.5448    -2.80158    1009.39
01Z31JAN2015    2.91812    5.5146    1009.69
02Z31JAN2015    5.36543    6.69863    1014.85
03Z31JAN2015    3.03466    4.07418    1020.91
04Z31JAN2015    2.54054    2.57317    1021.96
05Z31JAN2015    3.08128    2.35408    1018.7
06Z31JAN2015    0.829754    4.59628    1017.57
07Z31JAN2015    -0.638631    6.08797    1015.86
08Z31JAN2015    -1.16072    6.15323    1015.37
09Z31JAN2015    -0.941631    7.88266    1013.98
10Z31JAN2015    -0.228415    8.52595    1013.03
11Z31JAN2015    0.289015    7.9992    1013.37
12Z31JAN2015    -0.974262    8.62851    1018.4
13Z31JAN2015    -1.64552    7.88266    1020.6
14Z31JAN2015    -1.41245    8.03183    1018.53
15Z31JAN2015    -1.22132    8.67978    1013.59
16Z31JAN2015    -1.07682    9.1506    1011.34
17Z31JAN2015    -0.629308    9.84983    1007.04
18Z31JAN2015    -2.35408    9.84983    1009.6
19Z31JAN2015    -1.04885    10.7076    1015.54
20Z31JAN2015    -1.02554    10.6749    1020.16
21Z31JAN2015    -2.97872    8.93151    1018.91
22Z31JAN2015    -2.59648    9.81254    1018.04
23Z31JAN2015    -3.43089    9.98968    1018.11
00Z01FEB2015    -3.64998    11.1318    1018.76
01Z01FEB2015    -3.21646    10.8008    1017.71
02Z01FEB2015    -4.66154    10.274    1018.18
03Z01FEB2015    -4.95055    9.82186    1016.28
04Z01FEB2015    -5.34678    9.17391    1014.48
05Z01FEB2015    -4.18606    10.6796    1013.15
06Z01FEB2015    -4.35854    10.7821    1010.06
07Z01FEB2015    -3.85509    10.274    1004.9
08Z01FEB2015    -4.49838    9.07602    1002.23
09Z01FEB2015    -4.37718    10.8707    1003.73
10Z01FEB2015    -5.36077    9.00609    1008.61
11Z01FEB2015    -5.41205    8.92685    1012.03
12Z01FEB2015    -6.00872    9.48157    1010.74
13Z01FEB2015    -5.47265    9.04338    1007.06
14Z01FEB2015    -5.12769    9.04805    1004.58
15Z01FEB2015    -5.60783    9.30909    1002.78
16Z01FEB2015    -4.99251    9.00143    1001.09
17Z01FEB2015    -4.70815    9.14594    1000.68
18Z01FEB2015    -4.71282    9.36037    1001.86
19Z01FEB2015    -4.37718    10.5118    1003.32
20Z01FEB2015    -5.0904    10.8054    1004.78
21Z01FEB2015    -6.93171    10.8521    1006.82
22Z01FEB2015    -7.58898    10.5444    1008.71
23Z01FEB2015    -7.72883    10.344    1008.27
00Z02FEB2015    -7.4538    9.29045    1008.15
01Z02FEB2015    -8.04582    9.38834    1008.75
02Z02FEB2015    -6.92705    8.29288    1006.54
03Z02FEB2015    -6.1812    7.96657    1004.29
04Z02FEB2015    -5.48197    8.04115    1002.8
05Z02FEB2015    -4.81537    7.89198    1001.46
06Z02FEB2015    -3.46818    7.94792    998.844
07Z02FEB2015    -2.91346    8.14371    997.986
08Z02FEB2015    -2.71768    6.67532    1000.63
09Z02FEB2015    -1.89725    6.69863    1004.03
10Z02FEB2015    -0.750508    6.33503    1005.69
11Z02FEB2015    0.153831    5.70106    1006.81
12Z02FEB2015    1.17471    6.00872    1008.06
13Z02FEB2015    1.05817    6.03669    1008.63
14Z02FEB2015    0.372923    6.51217    1007.33
15Z02FEB2015    -0.307662    7.33726    1005.39
16Z02FEB2015    -0.512769    8.47468    1004.33
17Z02FEB2015    -1.58958    9.50488    1004.58
18Z02FEB2015    -1.80402    9.43029    1004.7
19Z02FEB2015    -1.79469    9.33706    1004.05
20Z02FEB2015    -1.99048    8.96414    1003.13
21Z02FEB2015    -2.46129    7.98055    1002.65
22Z02FEB2015    -2.34009    7.37922    1003.06
23Z02FEB2015    -1.86928    7.12749    1004.23
00Z03FEB2015    -1.48237    6.83848    1004.6
01Z31JAN2015    6.12992    -5.90151    1013
02Z31JAN2015    4.59628    -5.00649    1012.85
03Z31JAN2015    4.51703    1.76672    1014.44
04Z31JAN2015    6.36766    4.64755    1011
05Z31JAN2015    4.60094    6.67998    1017.28
06Z31JAN2015    6.65202    5.10905    1013.57
07Z31JAN2015    3.72923    4.75011    1012.24
08Z31JAN2015    4.01825    5.35611    1013.68
09Z31JAN2015    5.54257    7.2114    1020.49
10Z31JAN2015    5.04378    7.04825    1026.15
11Z31JAN2015    2.91346    5.55655    1028.45
12Z31JAN2015    4.43778    5.33746    1029.9
13Z31JAN2015    5.0904    5.68708    1026.74
14Z31JAN2015    5.14634    7.24869    1023.82
15Z31JAN2015    4.35854    6.98765    1020.72
16Z31JAN2015    -0.414877    6.53548    1016.32
17Z31JAN2015    0.303    10.2694    1013.97
18Z31JAN2015    -2.28882    9.48623    1007.86
19Z31JAN2015    -3.19782    8.787    1002.83
20Z31JAN2015    -4.91326    8.64715    1003.13
21Z31JAN2015    -4.71282    9.84517    1008.13
22Z31JAN2015    -6.65668    10.6143    1011.9
23Z31JAN2015    -7.82672    10.5024    1012.72
00Z01FEB2015    -8.51197    7.20674    1013.79
01Z01FEB2015    -6.83382    9.15992    1016.89
02Z01FEB2015    -7.03426    8.80098    1019.41
03Z01FEB2015    -5.70106    10.33    1022
04Z01FEB2015    -6.45157    9.64006    1022.78
05Z01FEB2015    -8.00852    9.40698    1022.69
06Z01FEB2015    -8.54926    10.5677    1022.52
07Z01FEB2015    -8.00852    10.3533    1023.33
08Z01FEB2015    -8.26957    9.84517    1023.69
09Z01FEB2015    -9.84517    10.8381    1021.11
10Z01FEB2015    -9.21586    10.2134    1018.52
11Z01FEB2015    -8.95948    10.1202    1016.6
12Z01FEB2015    -9.20188    10.6796    1016.12
13Z01FEB2015    -8.44205    9.85449    1014.61
14Z01FEB2015    -7.37922    9.77991    1014.47
15Z01FEB2015    -7.64492    10.619    1011.85
16Z01FEB2015    -8.60054    11.3462    1009.37
17Z01FEB2015    -8.68911    11.7005    1009.33
18Z01FEB2015    -9.56082    12.684    1010.75
19Z01FEB2015    -9.8172    15.0847    1012.92
20Z01FEB2015    -8.92218    14.0825    1016.13
21Z01FEB2015    -10.5304    13.6863    1017.07
22Z01FEB2015    -11.9196    11.6632    1016.5
23Z01FEB2015    -11.3695    10.8894    1016.69
00Z02FEB2015    -10.8707    11.5466    1015.99
01Z02FEB2015    -11.5839    11.0665    1014.37
02Z02FEB2015    -10.8008    11.3928    1012.01
03Z02FEB2015    -9.68668    11.1318    1010.09
04Z02FEB2015    -9.09    11.817    1007.58
05Z02FEB2015    -9.42097    10.0503    1005.97
06Z02FEB2015    -7.80342    10.4046    1004.15
07Z02FEB2015    -8.43272    10.2694    1002.16
08Z02FEB2015    -8.34415    10.88    1000.33
09Z02FEB2015    -8.98745    10.619    1000.74
10Z02FEB2015    -7.91995    11.2716    1002.78
11Z02FEB2015    -6.33969    10.6423    1004.06
12Z02FEB2015    -6.12526    10.619    1004.43
13Z02FEB2015    -5.00649    10.7122    1002.81
14Z02FEB2015    -4.67552    9.55615    1001.21
15Z02FEB2015    -4.23268    9.73795    1001.16
16Z02FEB2015    -3.41225    9.84983    1001.62
17Z02FEB2015    -3.16052    9.03406    1001.62
18Z02FEB2015    -3.09992    10.1388    1003.44
19Z02FEB2015    -3.87374    9.8172    1005.26
20Z02FEB2015    -4.3632    10.1528    1006.83
21Z02FEB2015    -3.98095    10.3346    1006.31
22Z02FEB2015    -4.88529    9.01075    1006.29
23Z02FEB2015    -4.95055    9.07135    1006.2
00Z03FEB2015    -5.15566    8.65648    1004.38
01Z03FEB2015    -5.2722    8.27423    1002.98
02Z03FEB2015    -5.31882    7.53771    1001.13
03Z03FEB2015    -4.82469    7.33726    999.204
04Z03FEB2015    -3.66397    7.57966    998.036
05Z03FEB2015    -3.82712    6.47954    997.632
06Z03FEB2015    -2.90414    6.06466    997.762
07Z03FEB2015    -1.77605    6.11128    998.241
08Z03FEB2015    -0.895015    6.06466    999.447
09Z03FEB2015    0.592015    6.51217    1002.01
10Z03FEB2015    1.44974    5.37942    1004.06
11Z03FEB2015    2.6058    4.68951    1006.61
12Z03FEB2015    2.92745    5.19762    1007.57
13Z03FEB2015    2.32611    5.57054    1008.1
14Z03FEB2015    2.36806    6.67998    1007.18
15Z03FEB2015    1.45906    6.11594    1006.28
16Z03FEB2015    1.31455    5.84557    1004.56
17Z03FEB2015    1.37982    5.28618    1003.62
18Z03FEB2015    0.615323    4.85266    1003.07
19Z03FEB2015    0.414877    5.28618    1002.9
20Z03FEB2015    0.2424    5.00649    1002.34
21Z03FEB2015    1.01155    4.61026    1002.78
22Z03FEB2015    0.358938    4.35388    1002.16
23Z03FEB2015    -0.717877    5.05311    1001.96
00Z04FEB2015    -1.7574    4.95988    1002.6
            
            
            
            
            
            
            
            
            
            
            
            
            
            
            
            
            
            
            
            
            
            
            
            
            
            
            
            
            
            
            
            
            
            
            
            
            
            
            
            
            
            
            
            
            
            
            
            
            
            
            
            
            
            
            
            
            
            
            
            
            
            
            
            
            
            
            
            
            
            
            
            
            
            
            
            
            
            
            
            
            
            
            
            
            
            
            
            
            
            
            
            
            
            
            
            
            
            
            
            
            
            
            
            
            
            
            
            
            
            
            
            
            
            
            
            
            
            
            
            
            
            
            
            
            
            
            
            
            
            
            
            
            
            
            
            
            
            
            
            
            
            
            
            
