tyd    u    v    psl
01Z30JAN2015    5.36543    -3.82712    1009.94
02Z30JAN2015    4.56831    -4.44245    1009.98
03Z30JAN2015    5.61249    -4.44245    1007.69
04Z30JAN2015    6.15789    -6.14391    1010.01
05Z30JAN2015    6.1206    -6.30706    1012.33
06Z30JAN2015    7.35125    -7.24869    1008.7
07Z30JAN2015    6.64269    -8.8476    1009.45
08Z30JAN2015    7.34658    -7.49575    1004.36
09Z30JAN2015    7.36057    -5.58918    1001.26
10Z30JAN2015    6.7266    -6.64735    1010.44
11Z30JAN2015    8.37678    -4.92725    1018.62
12Z30JAN2015    8.30686    -4.45177    1023.93
13Z30JAN2015    8.39543    -4.87131    1024.49
14Z30JAN2015    11.1084    -4.07885    1021.06
15Z30JAN2015    10.7355    -5.45866    1011.13
16Z30JAN2015    8.67978    -5.27686    1008.38
17Z30JAN2015    6.19052    -3.68262    1004.54
18Z30JAN2015    7.50974    -2.7876    996.47
19Z30JAN2015    6.81983    -3.5148    987.203
20Z30JAN2015    2.64775    -4.43312    994.649
21Z30JAN2015    3.51946    -4.08351    1004.81
22Z30JAN2015    4.69883    -6.09263    1011.63
23Z30JAN2015    3.80382    -6.19985    1010.08
00Z31JAN2015    7.05757    -7.90131    1008.22
01Z31JAN2015    6.16255    -5.54723    1009.11
02Z31JAN2015    6.04602    -3.17917    1014.63
03Z31JAN2015    5.0904    -1.68748    1021.14
04Z31JAN2015    2.68971    -2.57317    1021.75
05Z31JAN2015    2.35408    -1.05817    1018.62
06Z31JAN2015    0.0279692    0.400892    1017.42
07Z31JAN2015    0.703892    2.58715    1016.09
08Z31JAN2015    -1.23065    6.11128    1015.22
09Z31JAN2015    -2.77828    6.81983    1014.03
10Z31JAN2015    -2.26551    6.57277    1012.53
11Z31JAN2015    -2.45197    6.969    1012.86
12Z31JAN2015    -2.25152    6.79186    1018.11
13Z31JAN2015    -3.63134    5.94812    1020.59
14Z31JAN2015    -4.21869    6.05068    1018.16
15Z31JAN2015    -4.47974    6.71262    1013.46
16Z31JAN2015    -3.58006    7.52838    1010.98
17Z31JAN2015    -4.68018    7.14614    1006.91
18Z31JAN2015    -5.0904    7.41651    1009.27
19Z31JAN2015    -5.08108    7.6962    1015.17
20Z31JAN2015    -5.31415    7.98988    1019.5
21Z31JAN2015    -5.23957    7.95725    1018.25
22Z31JAN2015    -5.65911    8.57257    1017.86
23Z31JAN2015    -6.74991    9.10398    1017.77
00Z01FEB2015    -7.76612    7.85469    1018.35
01Z01FEB2015    -8.16702    7.71485    1017.17
02Z01FEB2015    -10.4465    5.95745    1017.6
03Z01FEB2015    -10.2973    5.36077    1015.45
04Z01FEB2015    -9.97569    5.26754    1013.62
05Z01FEB2015    -9.4536    4.35388    1012.57
06Z01FEB2015    -8.25558    4.75477    1009.93
07Z01FEB2015    -7.55169    5.86422    1004.39
08Z01FEB2015    -7.37455    6.8478    1001.49
09Z01FEB2015    -8.23694    7.48177    1003.27
10Z01FEB2015    -8.89888    7.46312    1007.73
11Z01FEB2015    -8.67512    7.96657    1011.23
12Z01FEB2015    -8.5446    8.05048    1010.19
13Z01FEB2015    -8.61452    7.64492    1005.67
14Z01FEB2015    -8.87091    7.59831    1003.8
15Z01FEB2015    -8.21829    7.32328    1002.09
16Z01FEB2015    -8.35348    7.15546    1000.13
17Z01FEB2015    -6.76855    6.54946    999.155
18Z01FEB2015    -2.40069    3.6966    999.291
19Z01FEB2015    -5.18829    5.28152    1002.73
20Z01FEB2015    -5.40738    5.94812    1003.93
21Z01FEB2015    -7.52838    6.96434    1006.38
22Z01FEB2015    -8.14837    5.65445    1007.76
23Z01FEB2015    -7.85935    4.89462    1007.94
00Z02FEB2015    -4.69417    4.67086    1008.21
01Z02FEB2015    -4.92725    4.06952    1007.46
02Z02FEB2015    -6.08797    4.04622    1006.35
03Z02FEB2015    -5.00649    4.63357    1003.92
04Z02FEB2015    -7.91995    4.9692    1002.07
05Z02FEB2015    -7.26268    4.7268    999.77
06Z02FEB2015    -4.31658    3.51946    998.328
07Z02FEB2015    -2.89482    2.92745    998.229
08Z02FEB2015    1.43575    1.65018    1000.3
09Z02FEB2015    2.83888    -0.139846    1002.93
10Z02FEB2015    1.44508    0.978923    1005.1
11Z02FEB2015    0.689908    3.80382    1006.3
12Z02FEB2015    0.275031    4.43778    1007.6
13Z02FEB2015    -0.0745846    4.92725    1007.8
14Z02FEB2015    -0.0512769    5.29085    1006.99
15Z02FEB2015    -0.922985    6.13458    1004.92
16Z02FEB2015    -2.39603    6.03669    1004.02
17Z02FEB2015    -3.03466    5.68242    1004.19
18Z02FEB2015    -4.27929    5.67309    1004.04
19Z02FEB2015    -3.59405    5.26754    1003.42
20Z02FEB2015    -3.06263    6.19518    1002.6
21Z02FEB2015    -2.93677    6.41894    1002.16
22Z02FEB2015    -3.29105    5.78031    1002.72
23Z02FEB2015    -3.24909    5.88752    1003.53
00Z03FEB2015    -3.41691    5.5752    1003.98
01Z31JAN2015    4.75011    -10.8707    1012.29
02Z31JAN2015    3.333    -11.0758    1012.18
03Z31JAN2015    6.13925    -10.1715    1013.31
04Z31JAN2015    3.50548    -9.20188    1010.8
05Z31JAN2015    4.64289    -5.70106    1017.14
06Z31JAN2015    5.30017    -2.97406    1013.59
07Z31JAN2015    3.73855    -0.857723    1011.75
08Z31JAN2015    3.23511    1.11411    1013.8
09Z31JAN2015    5.9994    4.81071    1019.86
10Z31JAN2015    3.83178    4.45177    1025.89
11Z31JAN2015    3.28638    2.83888    1028.39
12Z31JAN2015    4.06486    2.28882    1029.81
13Z31JAN2015    4.20471    3.65465    1026.53
14Z31JAN2015    3.48217    4.77342    1024.46
15Z31JAN2015    1.90191    4.20005    1020.91
16Z31JAN2015    0.9696    6.14391    1016.39
17Z31JAN2015    -1.29125    8.03183    1013.9
18Z31JAN2015    -5.16965    4.9692    1008.08
19Z31JAN2015    -6.47954    6.22315    1003.29
20Z31JAN2015    -7.66357    6.54014    1002.46
21Z31JAN2015    -10.288    5.91549    1007.36
22Z31JAN2015    -11.803    5.17897    1011.83
23Z31JAN2015    -11.8962    5.79429    1011.87
00Z01FEB2015    -10.4838    4.242    1012.82
01Z01FEB2015    -10.7402    5.18829    1015.99
02Z01FEB2015    -7.04825    5.56122    1018.86
03Z01FEB2015    -10.4232    5.50994    1021.7
04Z01FEB2015    -11.0851    5.52392    1022.77
05Z01FEB2015    -11.7331    6.13925    1022.43
06Z01FEB2015    -12.6607    5.83158    1021.89
07Z01FEB2015    -12.8052    6.56345    1022.74
08Z01FEB2015    -13.1316    7.12749    1023.27
09Z01FEB2015    -11.6958    7.49109    1020.26
10Z01FEB2015    -12.8938    8.64715    1017.64
11Z01FEB2015    -11.8916    8.50731    1015.68
12Z01FEB2015    -11.3975    8.47934    1015.29
13Z01FEB2015    -11.2996    7.62162    1014.05
14Z01FEB2015    -10.5304    7.78477    1013.43
15Z01FEB2015    -10.5864    8.7264    1010.91
16Z01FEB2015    -11.4581    8.32085    1008.84
17Z01FEB2015    -12.754    8.44671    1008.81
18Z01FEB2015    -13.8308    9.16458    1009.91
19Z01FEB2015    -14.5207    9.38834    1011.77
20Z01FEB2015    -15.0801    9.80322    1015.05
21Z01FEB2015    -16.2268    8.49332    1016.11
22Z01FEB2015    -15.2572    7.38854    1015.58
23Z01FEB2015    -14.7631    7.36989    1015.69
00Z02FEB2015    -14.1897    6.73126    1015.17
01Z02FEB2015    -13.0663    6.33969    1013.66
02Z02FEB2015    -13.0896    5.48663    1011.24
03Z02FEB2015    -12.3671    5.28618    1009.17
04Z02FEB2015    -11.2576    5.08574    1006.97
05Z02FEB2015    -11.3508    5.99474    1004.87
06Z02FEB2015    -3.75254    6.01805    1003.98
07Z02FEB2015    -9.95705    6.14391    1001.39
08Z02FEB2015    -10.5118    6.31638    999.528
09Z02FEB2015    -10.3719    6.98298    1000.01
10Z02FEB2015    -9.08068    7.55635    1001.75
11Z02FEB2015    -8.22762    7.99454    1003.2
12Z02FEB2015    -7.49575    7.98055    1003.18
13Z02FEB2015    -7.1508    8.22762    1001.8
14Z02FEB2015    -6.9084    8.181    1000.65
15Z02FEB2015    -7.03426    7.81274    1000.09
16Z02FEB2015    -7.16945    7.58898    1000.87
17Z02FEB2015    -6.60074    7.12283    1001.3
18Z02FEB2015    -6.42826    7.43049    1002.8
19Z02FEB2015    -6.22315    7.44448    1004.71
20Z02FEB2015    -6.87577    7.77545    1006.01
21Z02FEB2015    -7.11351    7.23937    1005.74
22Z02FEB2015    -9.07602    6.82915    1005.45
23Z02FEB2015    -9.86382    5.78031    1004.81
00Z03FEB2015    -10.0363    5.52392    1003.64
01Z03FEB2015    -9.85915    5.19295    1002.32
02Z03FEB2015    -8.64715    5.01115    1000.22
03Z03FEB2015    -7.71485    5.07642    998.409
04Z03FEB2015    -4.43778    5.50994    997.278
05Z03FEB2015    -3.38428    5.18829    996.849
06Z03FEB2015    -3.47285    4.6056    996.886
07Z03FEB2015    -4.93191    3.94832    997.433
08Z03FEB2015    -3.50082    4.26065    998.807
09Z03FEB2015    -2.08837    4.9086    1001.32
10Z03FEB2015    -1.56628    5.10905    1003.72
11Z03FEB2015    -0.671262    5.00649    1005.77
12Z03FEB2015    -0.382246    4.95522    1007.23
13Z03FEB2015    -0.0932308    5.14168    1007.62
14Z03FEB2015    -0.694569    5.35145    1006.89
15Z03FEB2015    -0.7878    5.35145    1005.83
16Z03FEB2015    -1.48237    5.35611    1004.66
17Z03FEB2015    -2.2422    5.151    1003.03
18Z03FEB2015    -2.99271    4.03223    1002.96
19Z03FEB2015    -2.79226    3.7572    1002.87
20Z03FEB2015    -2.58715    3.96697    1002.33
21Z03FEB2015    -2.91346    3.94366    1002.49
22Z03FEB2015    -3.59871    4.02757    1001.77
23Z03FEB2015    -3.52878    4.26997    1001.72
00Z04FEB2015    -4.07418    4.17208    1002.23
            
            
            
            
            
            
            
            
            
            
            
            
            
            
            
            
            
            
            
            
            
            
            
            
            
            
            
            
            
            
            
            
            
            
            
            
            
            
            
            
            
            
            
            
            
            
            
            
            
            
            
            
            
            
            
            
            
            
            
            
            
            
            
            
            
            
            
            
            
            
            
            
            
            
            
            
            
            
            
            
            
            
            
            
            
            
            
            
            
            
            
            
            
            
            
            
            
            
            
            
            
            
            
            
            
            
            
            
            
            
            
            
            
            
            
            
            
            
            
            
            
            
            
            
            
            
            
            
            
            
            
            
            
            
            
            
            
            
            
            
            
            
            
            
