tyd    u    v    psl
01Z30JAN2015    1.85529    -6.74525    1010.35
02Z30JAN2015    0.615323    -7.10418    1010.21
03Z30JAN2015    0.657277    -5.99008    1008.45
04Z30JAN2015    0.978923    -6.71728    1010.06
05Z30JAN2015    0.0792462    -5.90151    1013.4
06Z30JAN2015    -0.0326308    -3.07195    1009.83
07Z30JAN2015    1.22132    -5.97143    1009.87
08Z30JAN2015    1.47771    -5.78031    1004.65
09Z30JAN2015    3.37495    -6.53082    999.664
10Z30JAN2015    4.17208    -6.01805    1009.25
11Z30JAN2015    4.91792    -4.42846    1018.26
12Z30JAN2015    5.89218    -5.62648    1022.75
13Z30JAN2015    5.9994    -6.88975    1022.54
14Z30JAN2015    4.7874    -4.96454    1019.44
15Z30JAN2015    2.08837    -4.04155    1009.61
16Z30JAN2015    8.63317    -1.0908    1005.9
17Z30JAN2015    4.37718    -1.79935    1003.1
18Z30JAN2015    1.25862    -1.19335    996.109
19Z30JAN2015    1.99048    -3.86442    986.83
20Z30JAN2015    -0.0419538    -6.75923    993.263
21Z30JAN2015    0.163154    -7.14148    1004.33
22Z30JAN2015    0.797123    -7.19275    1011.45
23Z30JAN2015    0.4848    -7.25802    1009.58
00Z31JAN2015    0.452169    -6.99231    1008.81
01Z31JAN2015    -0.153831    -6.4236    1008.55
02Z31JAN2015    0.0978923    -7.02028    1013.97
03Z31JAN2015    0.0699231    -7.22072    1020.68
04Z31JAN2015    0.4848    -7.42583    1021.41
05Z31JAN2015    0.750508    -7.40718    1017.11
06Z31JAN2015    0.135185    -3.31435    1015.63
07Z31JAN2015    -1.38914    -2.39603    1013.62
08Z31JAN2015    -0.680585    -1.14674    1012.59
09Z31JAN2015    0.405554    0.382246    1010.76
10Z31JAN2015    1.42643    1.32854    1008.81
11Z31JAN2015    3.58006    0.9696    1008.84
12Z31JAN2015    3.0906    1.16072    1013.53
13Z31JAN2015    4.25598    1.41245    1016.24
14Z31JAN2015    5.72903    2.28415    1013.12
15Z31JAN2015    6.49818    2.92278    1008.29
16Z31JAN2015    4.92725    3.37495    1006.22
17Z31JAN2015    2.03709    5.32348    1002.7
18Z31JAN2015    -2.11634    7.70086    1005.28
19Z31JAN2015    -4.13012    10.0782    1011.96
20Z31JAN2015    -5.55189    10.4372    1016.77
21Z31JAN2015    -5.75234    8.59588    1015.24
22Z31JAN2015    -5.05311    8.05514    1015.1
23Z31JAN2015    -6.97832    9.08534    1015.2
00Z01FEB2015    -5.61249    9.53285    1016.27
01Z01FEB2015    -6.69863    9.30909    1015.34
02Z01FEB2015    -8.06446    9.10398    1015.77
03Z01FEB2015    -7.80342    9.07602    1013.87
04Z01FEB2015    -7.8174    7.49575    1011.64
05Z01FEB2015    -7.51906    6.69397    1011.03
06Z01FEB2015    -8.63317    6.91306    1007.5
07Z01FEB2015    -7.16945    7.62628    1001.6
08Z01FEB2015    -6.34435    7.80808    999.055
09Z01FEB2015    -5.84091    7.64492    1000.21
10Z01FEB2015    -6.07865    7.09486    1004.8
11Z01FEB2015    -4.98318    6.61006    1007.71
12Z01FEB2015    -5.00649    5.96211    1006.16
13Z01FEB2015    -5.44934    5.97143    1002.04
14Z01FEB2015    -6.23714    6.67066    999.956
15Z01FEB2015    -5.92015    6.81517    998.309
16Z01FEB2015    -4.97852    7.13215    996.737
17Z01FEB2015    -4.56365    7.91529    996.501
18Z01FEB2015    -4.93191    7.93394    997.825
19Z01FEB2015    -5.70106    9.36503    1000.02
20Z01FEB2015    -5.40272    10.1249    1001.82
21Z01FEB2015    -5.72437    9.84051    1004.53
22Z01FEB2015    -6.63337    10.1528    1006.38
23Z01FEB2015    -6.26045    9.86848    1006.34
00Z02FEB2015    -5.88752    9.22518    1006.86
01Z02FEB2015    -7.31862    7.41185    1006.96
02Z02FEB2015    -8.46535    5.54257    1005.59
03Z02FEB2015    -8.07378    5.53325    1003.43
04Z02FEB2015    -6.87577    2.89015    1001.35
05Z02FEB2015    -3.09992    0.456831    998.732
06Z02FEB2015    -1.99048    0.587354    996.625
07Z02FEB2015    -3.61735    1.56162    997.091
08Z02FEB2015    -1.46838    0.820431    999.689
09Z02FEB2015    -0.568708    -0.228415    1001.31
10Z02FEB2015    2.08837    -0.144508    1002.9
11Z02FEB2015    4.12546    0.899677    1003.87
12Z02FEB2015    5.16498    1.79003    1004.1
13Z02FEB2015    7.30463    2.94143    1004.34
14Z02FEB2015    8.26491    3.02534    1002.83
15Z02FEB2015    7.45846    2.68971    1000.75
16Z02FEB2015    8.45603    1.92055    1000.18
17Z02FEB2015    8.22295    3.38428    1000.57
18Z02FEB2015    1.98582    3.84577    1001.47
19Z02FEB2015    1.60357    3.13255    1001.04
20Z02FEB2015    -2.04642    3.53345    1000.69
21Z02FEB2015    -2.13965    2.42866    1000.37
22Z02FEB2015    -1.8786    0.442846    1001.03
23Z02FEB2015    -2.38671    -0.0559385    1002.37
00Z03FEB2015    -1.34252    -0.694569    1003.54
01Z31JAN2015    1.75274    -5.30483    1013.89
02Z31JAN2015    -0.00466154    -7.30929    1013.7
03Z31JAN2015    0.638631    -6.4236    1013.18
04Z31JAN2015    0.4242    -6.83382    1010.71
05Z31JAN2015    1.36583    -8.3022    1016.01
06Z31JAN2015    1.30523    -7.30929    1013.36
07Z31JAN2015    1.43575    -7.09952    1010.35
08Z31JAN2015    1.5756    -5.9388    1011.9
09Z31JAN2015    1.86928    -2.44731    1017.61
10Z31JAN2015    2.92278    -0.750508    1023.17
11Z31JAN2015    4.35854    -0.638631    1025.43
12Z31JAN2015    10.0037    1.82266    1026.86
13Z31JAN2015    9.64006    2.23288    1022.33
14Z31JAN2015    11.6585    3.06263    1019.4
15Z31JAN2015    9.09932    1.96717    1016.49
16Z31JAN2015    9.11797    2.87617    1011.38
17Z31JAN2015    3.70126    4.26531    1008.88
18Z31JAN2015    0.144508    7.78943    1004.67
19Z31JAN2015    -6.75457    12.6514    1000.19
20Z31JAN2015    -8.77768    11.9848    1000.53
21Z31JAN2015    -8.60054    12.9731    1005.35
22Z31JAN2015    -9.05271    13.3833    1009.77
23Z31JAN2015    -9.37435    12.2319    1010.96
00Z01FEB2015    -7.84537    8.19498    1012.51
01Z01FEB2015    -8.39543    5.50062    1015
02Z01FEB2015    -6.89442    3.32368    1017.6
03Z01FEB2015    -2.34942    0.708554    1020.91
04Z01FEB2015    -1.73409    -1.78071    1021.92
05Z01FEB2015    -4.51237    2.91346    1021.27
06Z01FEB2015    -8.484    8.25558    1019.87
07Z01FEB2015    -8.78234    8.15769    1020.64
08Z01FEB2015    -8.16702    8.17168    1021.26
09Z01FEB2015    -7.41185    8.8476    1018.11
10Z01FEB2015    -7.48643    8.39077    1015.07
11Z01FEB2015    -7.57034    7.76146    1012.83
12Z01FEB2015    -7.00163    7.8174    1012.03
13Z01FEB2015    -5.71971    6.53548    1010.8
14Z01FEB2015    -4.94123    6.35368    1009.72
15Z01FEB2015    -6.07398    6.52149    1006.82
16Z01FEB2015    -5.55655    7.64492    1005.12
17Z01FEB2015    -5.52392    9.96171    1004.36
18Z01FEB2015    -7.80808    13.2714    1006.05
19Z01FEB2015    -8.81963    13.7142    1008.62
20Z01FEB2015    -9.42563    14.3389    1013.01
21Z01FEB2015    -8.69843    12.9917    1014.21
22Z01FEB2015    -8.47002    13.9287    1013.97
23Z01FEB2015    -10.33    12.1433    1014.18
00Z02FEB2015    -10.3067    11.556    1013.64
01Z02FEB2015    -8.71242    9.30909    1012.93
02Z02FEB2015    -8.05514    8.7264    1010.32
03Z02FEB2015    -7.34658    8.88955    1008.71
04Z02FEB2015    -9.58878    6.63803    1006.05
05Z02FEB2015    -10.1295    6.88975    1004.49
06Z02FEB2015    -8.88955    5.90617    1002.21
07Z02FEB2015    -8.7264    7.03426    999.814
08Z02FEB2015    -8.08311    6.56811    997.445
09Z02FEB2015    -7.61229    6.4842    998.011
10Z02FEB2015    -5.83625    5.33746    999.459
11Z02FEB2015    -3.89705    4.49372    1000.53
12Z02FEB2015    -2.43332    3.94832    1000.08
13Z02FEB2015    -1.41245    3.68262    998.191
14Z02FEB2015    2.03243    2.73166    996.936
15Z02FEB2015    3.91103    2.93677    996.097
16Z02FEB2015    5.08108    3.06729    996.451
17Z02FEB2015    1.98582    4.98785    997.073
18Z02FEB2015    -0.582692    5.64978    998.863
19Z02FEB2015    -5.85955    10.0643    1000.67
20Z02FEB2015    -6.86645    10.5584    1002.76
21Z02FEB2015    -5.14168    8.73572    1002.91
22Z02FEB2015    -7.62162    9.01542    1003.32
23Z02FEB2015    -7.17877    9.09    1002.96
00Z03FEB2015    -8.93151    9.0294    1001.81
01Z03FEB2015    -9.26714    7.68688    1001.01
02Z03FEB2015    -9.32308    6.95502    999.484
03Z03FEB2015    -8.68445    5.20228    997.445
04Z03FEB2015    -7.54237    3.2118    996.544
05Z03FEB2015    -1.18869    -1.53831    996.724
06Z03FEB2015    -1.28192    -1.04885    996.358
07Z03FEB2015    -1.13275    -0.573369    996.463
08Z03FEB2015    0.153831    -2.8482    997.153
09Z03FEB2015    0.624646    -3.67329    999.422
10Z03FEB2015    -0.354277    -2.70835    1001.4
11Z03FEB2015    5.9994    0.396231    1002.76
12Z03FEB2015    7.37455    1.68748    1003.37
13Z03FEB2015    7.68688    2.54986    1003.42
14Z03FEB2015    7.78477    3.31902    1002.77
15Z03FEB2015    8.31618    3.38894    1001.48
16Z03FEB2015    8.59588    3.64998    999.59
17Z03FEB2015    6.84314    3.71525    999.465
18Z03FEB2015    3.0906    5.01115    999.503
19Z03FEB2015    2.19092    4.02757    1000.45
20Z03FEB2015    -0.321646    3.73855    1000.57
21Z03FEB2015    -1.73409    2.75497    1000.52
22Z03FEB2015    -2.09303    3.06729    1000.53
23Z03FEB2015    -3.5754    3.70592    1000.13
00Z04FEB2015    -3.38894    3.43555    1000.93
            
            
            
            
            
            
            
            
            
            
            
            
            
            
            
            
            
            
            
            
            
            
            
            
            
            
            
            
            
            
            
            
            
            
            
            
            
            
            
            
            
            
            
            
            
            
            
            
            
            
            
            
            
            
            
            
            
            
            
            
            
            
            
            
            
            
            
            
            
            
            
            
            
            
            
            
            
            
            
            
            
            
            
            
            
            
            
            
            
            
            
            
            
            
            
            
            
            
            
            
            
            
            
            
            
            
            
            
            
            
            
            
            
            
            
            
            
            
            
            
            
            
            
            
            
            
            
            
            
            
            
            
            
            
            
            
            
            
            
            
            
            
            
            
