tyd    u    v    psl
01Z30JAN2015    2.98805    -5.90617    1010.26
02Z30JAN2015    0.298338    -5.9388    1010.35
03Z30JAN2015    1.17937    -6.94103    1008.17
04Z30JAN2015    1.35651    -7.51906    1010.56
05Z30JAN2015    0.815769    -4.26065    1012.75
06Z30JAN2015    0.275031    -7.80808    1009.44
07Z30JAN2015    2.02311    -7.78477    1009.86
08Z30JAN2015    3.05331    -7.18343    1004.97
09Z30JAN2015    1.85063    -1.99048    1001.56
10Z30JAN2015    6.54946    -4.14877    1010.55
11Z30JAN2015    9.84051    -5.47731    1018.93
12Z30JAN2015    10.1715    -6.2418    1024.2
13Z30JAN2015    12.1526    -5.6964    1024.2
14Z30JAN2015    12.7167    -7.13215    1021.22
15Z30JAN2015    11.6305    -6.59142    1011.36
16Z30JAN2015    9.32308    -3.37029    1008.33
17Z30JAN2015    6.83848    -3.84111    1004.51
18Z30JAN2015    7.94326    -2.83888    996.737
19Z30JAN2015    6.77788    -6.00872    987.364
20Z30JAN2015    6.54946    -4.19072    994.375
21Z30JAN2015    -0.699231    -3.92502    1005.24
22Z30JAN2015    3.96231    -3.23045    1011.86
23Z30JAN2015    1.86928    -6.05534    1010.29
00Z31JAN2015    5.17897    -2.98805    1008.92
01Z31JAN2015    0.578031    -2.27017    1008.79
02Z31JAN2015    0.806446    0.0279692    1014.92
03Z31JAN2015    1.95785    3.18383    1021.42
04Z31JAN2015    -1.31922    -0.647954    1021.61
05Z31JAN2015    1.37982    3.22112    1018.45
06Z31JAN2015    3.23977    5.89218    1017.4
07Z31JAN2015    2.43798    6.11128    1015.92
08Z31JAN2015    -1.26794    7.65891    1015.21
09Z31JAN2015    -1.48237    9.11797    1013.79
10Z31JAN2015    -0.7272    9.04805    1012.36
11Z31JAN2015    0.0885692    9.66337    1013.02
12Z31JAN2015    -0.470815    8.71708    1018.17
13Z31JAN2015    -1.4544    8.05514    1020.34
14Z31JAN2015    -0.703892    9.29511    1018.16
15Z31JAN2015    -0.955615    10.7122    1013.24
16Z31JAN2015    -1.56628    10.8194    1010.77
17Z31JAN2015    -3.37962    10.5351    1006.77
18Z31JAN2015    -2.76429    11.2949    1009.05
19Z31JAN2015    -2.41468    11.4068    1015.07
20Z31JAN2015    -2.31678    11.3462    1019.72
21Z31JAN2015    -2.07438    11.0851    1018.35
22Z31JAN2015    -3.41691    10.8288    1017.74
23Z31JAN2015    -5.44934    11.1364    1017.83
00Z01FEB2015    -4.62425    11.8123    1018.47
01Z01FEB2015    -5.46332    11.211    1017.24
02Z01FEB2015    -6.37232    11.789    1017.61
03Z01FEB2015    -7.04358    11.7238    1015.64
04Z01FEB2015    -7.50042    10.8008    1013.7
05Z01FEB2015    -6.4842    11.2623    1012.62
06Z01FEB2015    -6.11594    11.4674    1009.73
07Z01FEB2015    -5.9388    11.1597    1004.36
08Z01FEB2015    -6.53548    10.922    1001.56
09Z01FEB2015    -6.56345    11.4161    1003.06
10Z01FEB2015    -5.85489    11.556    1007.87
11Z01FEB2015    -6.34435    12.3065    1011.49
12Z01FEB2015    -6.46089    11.9196    1010.39
13Z01FEB2015    -5.29551    12.0081    1006.02
14Z01FEB2015    -5.6358    11.5    1004.18
15Z01FEB2015    -5.16032    11.6212    1002.02
16Z01FEB2015    -5.61715    11.542    1000.94
17Z01FEB2015    -5.50994    11.6072    1000.56
18Z01FEB2015    -3.88306    12.1992    1001.8
19Z01FEB2015    -4.46109    11.3415    1001.89
20Z01FEB2015    -5.55189    10.8707    1003.56
21Z01FEB2015    -7.13682    11.0758    1005.41
22Z01FEB2015    -8.35348    11.2716    1007.37
23Z01FEB2015    -8.81031    11.0665    1007.58
00Z02FEB2015    -7.96657    10.4838    1007.78
01Z02FEB2015    -6.40495    9.27646    1006.59
02Z02FEB2015    -6.32105    9.11797    1006.47
03Z02FEB2015    -4.94123    7.87334    1003.02
04Z02FEB2015    -4.57297    7.71951    1000.94
05Z02FEB2015    -3.31435    6.87577    998.396
06Z02FEB2015    0.00466154    4.3026    996.693
07Z02FEB2015    1.25395    2.87151    997.06
08Z02FEB2015    1.85063    3.19315    999.571
09Z02FEB2015    0.638631    4.68018    1003.72
10Z02FEB2015    -0.377585    5.56122    1005.71
11Z02FEB2015    0.372923    5.24423    1006.22
12Z02FEB2015    0.936969    6.30706    1007.97
13Z02FEB2015    1.62688    7.47711    1007.67
14Z02FEB2015    1.27726    8.06912    1006.89
15Z02FEB2015    0.615323    8.55858    1004.82
16Z02FEB2015    -1.02554    8.39077    1004.08
17Z02FEB2015    -1.50568    8.83362    1004.18
18Z02FEB2015    -1.42177    8.35814    1004.18
19Z02FEB2015    -1.24463    9.56082    1003.62
20Z02FEB2015    -1.0302    9.89645    1002.77
21Z02FEB2015    -1.21666    9.43962    1002.32
22Z02FEB2015    -1.34718    8.56325    1002.8
23Z02FEB2015    -1.46838    8.51663    1003.75
00Z03FEB2015    -1.49169    8.16235    1003.9
01Z31JAN2015    1.51966    -9.40232    1013.41
02Z31JAN2015    1.11411    -12.0408    1012.57
03Z31JAN2015    4.26531    -7.52372    1013.62
04Z31JAN2015    3.10458    -4.57763    1010.79
05Z31JAN2015    8.68911    2.8482    1017.13
06Z31JAN2015    8.2416    2.82489    1013.43
07Z31JAN2015    5.87354    4.03689    1011.62
08Z31JAN2015    4.20937    4.28395    1013.9
09Z31JAN2015    5.30949    6.65668    1019.79
10Z31JAN2015    4.87597    6.47488    1025.72
11Z31JAN2015    4.6056    5.82226    1028.52
12Z31JAN2015    4.21869    5.10905    1030.03
13Z31JAN2015    3.68262    5.94812    1026.61
14Z31JAN2015    5.3934    8.23228    1024.28
15Z31JAN2015    3.55209    7.76146    1020.74
16Z31JAN2015    1.6968    8.48866    1016.21
17Z31JAN2015    0.237738    10.605    1013.44
18Z31JAN2015    -1.69214    10.6143    1007.7
19Z31JAN2015    -4.52635    9.01075    1003.11
20Z31JAN2015    -6.23248    10.0596    1002.59
21Z31JAN2015    -7.12749    11.2763    1007.25
22Z31JAN2015    -10.6703    10.4698    1011.59
23Z31JAN2015    -10.6982    10.2228    1011.97
00Z01FEB2015    -10.3673    9.42563    1012.79
01Z01FEB2015    -9.23917    10.2274    1015.94
02Z01FEB2015    -8.14371    10.1016    1018.51
03Z01FEB2015    -7.84071    10.7355    1021.46
04Z01FEB2015    -8.27889    10.1901    1022.36
05Z01FEB2015    -8.82429    10.4325    1022.31
06Z01FEB2015    -10.0829    11.0898    1021.44
07Z01FEB2015    -10.0969    11.4208    1022.54
08Z01FEB2015    -11.0059    11.6538    1023.25
09Z01FEB2015    -9.85915    12.6188    1020.09
10Z01FEB2015    -9.65405    13.1595    1017.67
11Z01FEB2015    -9.50488    13.0243    1015.56
12Z01FEB2015    -8.83828    13.2714    1015.07
13Z01FEB2015    -8.62385    13.043    1013.96
14Z01FEB2015    -8.02717    12.9404    1013.43
15Z01FEB2015    -8.34415    13.5511    1010.89
16Z01FEB2015    -8.47934    13.5185    1009.05
17Z01FEB2015    -9.22985    14.0219    1008.62
18Z01FEB2015    -10.4092    14.3016    1009.88
19Z01FEB2015    -11.7144    14.8936    1011.71
20Z01FEB2015    -11.4208    15.2013    1015.22
21Z01FEB2015    -11.5    14.9029    1016.3
22Z01FEB2015    -12.4929    13.3087    1015.53
23Z01FEB2015    -12.451    13.8914    1015.38
00Z02FEB2015    -12.5955    13.9566    1014.72
01Z02FEB2015    -12.3298    14.1618    1013.13
02Z02FEB2015    -11.0059    12.6747    1010.88
03Z02FEB2015    -10.26    12.2272    1008.78
04Z02FEB2015    -9.32308    11.9009    1006.79
05Z02FEB2015    -8.69377    12.2552    1004.8
06Z02FEB2015    -8.92218    12.0268    1003.51
07Z02FEB2015    -9.17857    12.4696    1001.26
08Z02FEB2015    -9.32774    12.4883    999.248
09Z02FEB2015    -8.52129    12.7446    999.888
10Z02FEB2015    -7.66357    12.3344    1001.75
11Z02FEB2015    -6.66134    12.4603    1003.13
12Z02FEB2015    -5.71505    12.6747    1003.14
13Z02FEB2015    -5.48663    12.8892    1002.01
14Z02FEB2015    -4.63823    11.7005    1000.7
15Z02FEB2015    -4.43778    11.6632    1000.09
16Z02FEB2015    -4.53568    11.8636    1000.71
17Z02FEB2015    -3.73389    11.6352    1001.11
18Z02FEB2015    -3.5754    11.5513    1002.39
19Z02FEB2015    -4.29328    11.9429    1004.74
20Z02FEB2015    -4.68485    11.9289    1005.56
21Z02FEB2015    -5.20694    12.0081    1006.04
22Z02FEB2015    -5.91083    12.0454    1005.5
23Z02FEB2015    -6.67066    11.7657    1005.07
00Z03FEB2015    -6.77788    11.3508    1004.08
01Z03FEB2015    -6.56345    10.7169    1002.44
02Z03FEB2015    -6.37698    10.563    1000.42
03Z03FEB2015    -6.06    9.84517    998.253
04Z03FEB2015    -5.22558    9.19722    997.228
05Z03FEB2015    -4.29794    8.98278    996.836
06Z03FEB2015    -3.58938    8.00386    996.911
07Z03FEB2015    -2.96474    7.46312    997.7
08Z03FEB2015    -0.661938    7.23005    999.037
09Z03FEB2015    0.554723    6.85246    1001.91
10Z03FEB2015    1.04418    7.23005    1003.96
11Z03FEB2015    0.452169    6.87111    1005.9
12Z03FEB2015    3.1512    7.25802    1007.1
13Z03FEB2015    2.44265    7.69154    1007.7
14Z03FEB2015    0.885692    7.68688    1006.61
15Z03FEB2015    0.1818    7.71485    1005.66
16Z03FEB2015    -0.783138    7.70086    1004.76
17Z03FEB2015    0.344954    7.32328    1003.26
18Z03FEB2015    0.209769    7.20208    1002.7
19Z03FEB2015    0.247062    6.73126    1002.77
20Z03FEB2015    -0.284354    5.82692    1002.39
21Z03FEB2015    0.960277    6.26511    1002.25
22Z03FEB2015    -0.643292    6.63803    1001.72
23Z03FEB2015    -1.44042    6.60074    1001.77
00Z04FEB2015    -1.04885    6.37698    1002.13
            
            
            
            
            
            
            
            
            
            
            
            
            
            
            
            
            
            
            
            
            
            
            
            
            
            
            
            
            
            
            
            
            
            
            
            
            
            
            
            
            
            
            
            
            
            
            
            
            
            
            
            
            
            
            
            
            
            
            
            
            
            
            
            
            
            
            
            
            
            
            
            
            
            
            
            
            
            
            
            
            
            
            
            
            
            
            
            
            
            
            
            
            
            
            
            
            
            
            
            
            
            
            
            
            
            
            
            
            
            
            
            
            
            
            
            
            
            
            
            
            
            
            
            
            
            
            
            
            
            
            
            
            
            
            
            
            
            
            
            
            
            
            
            
