tyd    u    v    psl
01Z30JAN2015    2.52655    -4.37718    1011.07
02Z30JAN2015    3.13722    -5.19762    1011.37
03Z30JAN2015    3.12323    -5.04845    1009.29
04Z30JAN2015    1.85529    -4.67086    1011.34
05Z30JAN2015    2.5452    -3.90637    1013.69
06Z30JAN2015    2.26085    -4.9692    1010.53
07Z30JAN2015    2.94609    -4.90394    1010.88
08Z30JAN2015    4.21869    -4.00426    1006.35
09Z30JAN2015    4.47974    -2.121    1002.32
10Z30JAN2015    5.5752    -2.87151    1012.29
11Z30JAN2015    7.38854    -3.61735    1020.43
12Z30JAN2015    6.65202    -4.70815    1025.61
13Z30JAN2015    7.95725    -3.43555    1025.71
14Z30JAN2015    7.56568    -3.98562    1022.74
15Z30JAN2015    6.74058    -3.77118    1012.44
16Z30JAN2015    5.28152    -2.84354    1009.29
17Z30JAN2015    3.53345    -2.1816    1005.1
18Z30JAN2015    3.48217    -2.96474    997.526
19Z30JAN2015    2.38671    -2.7876    988.408
20Z30JAN2015    2.38205    -3.43555    995.177
21Z30JAN2015    3.77585    -2.06506    1005.79
22Z30JAN2015    1.33786    -3.30969    1012.43
23Z30JAN2015    -0.247062    -3.34232    1010.77
00Z31JAN2015    0.950954    -3.02534    1009.39
01Z31JAN2015    3.49615    -3.06729    1009.74
02Z31JAN2015    5.50528    -1.51966    1015.05
03Z31JAN2015    5.10905    -1.76206    1021.24
04Z31JAN2015    0.228415    -2.01378    1021.98
05Z31JAN2015    -0.158492    -3.14188    1018.03
06Z31JAN2015    1.43575    1.54763    1017.09
07Z31JAN2015    0.107215    2.16295    1015.28
08Z31JAN2015    -0.233077    4.09749    1014.62
09Z31JAN2015    -0.587354    7.27666    1012.89
10Z31JAN2015    -1.25862    7.25335    1011.59
11Z31JAN2015    -1.24929    7.44914    1012.31
12Z31JAN2015    -1.05351    8.15769    1017.5
13Z31JAN2015    -1.32388    6.80585    1019.86
14Z31JAN2015    -0.871708    7.29997    1017.12
15Z31JAN2015    -2.10702    7.55169    1012.31
16Z31JAN2015    -3.85509    9.34172    1009.62
17Z31JAN2015    -3.30037    10.2367    1005.41
18Z31JAN2015    -4.10215    11.0478    1008.05
19Z31JAN2015    -4.20005    12.1386    1014.16
20Z31JAN2015    -4.02291    13.2574    1018.2
21Z31JAN2015    -3.13722    12.4929    1017.73
22Z31JAN2015    -4.13012    12.7213    1016.88
23Z31JAN2015    -4.44245    13.1782    1016.72
00Z01FEB2015    -4.71748    13.318    1017.61
01Z01FEB2015    -4.10215    13.029    1016.33
02Z01FEB2015    -3.86908    13.3506    1016.68
03Z01FEB2015    -4.44711    13.2574    1014.71
04Z01FEB2015    -4.19072    12.8379    1012.98
05Z01FEB2015    -3.06729    12.1433    1011.88
06Z01FEB2015    -3.18849    11.211    1008.68
07Z01FEB2015    -3.77118    11.4301    1003.01
08Z01FEB2015    -3.6966    11.8217    1000.32
09Z01FEB2015    -3.31435    11.817    1001.73
10Z01FEB2015    -3.43555    12.0641    1006.96
11Z01FEB2015    -3.25842    12.2552    1010.04
12Z01FEB2015    -3.35165    12.4137    1008.89
13Z01FEB2015    -3.02068    11.6958    1004.8
14Z01FEB2015    -2.93211    11.2296    1002.9
15Z01FEB2015    -3.18383    11.2856    1000.99
16Z01FEB2015    -3.17917    11.3555    999.397
17Z01FEB2015    -2.73166    10.6563    998.974
18Z01FEB2015    -3.37495    7.68222    998.981
19Z01FEB2015    -3.48217    8.58655    1001.8
20Z01FEB2015    -3.64998    9.67735    1002.85
21Z01FEB2015    -3.35631    10.3859    1004.84
22Z01FEB2015    -3.3936    10.2554    1006.33
23Z01FEB2015    -3.52878    9.9384    1006.38
00Z02FEB2015    -3.13722    11.0945    1007.15
01Z02FEB2015    -3.38428    8.42806    1006.86
02Z02FEB2015    -3.93434    7.92928    1006.33
03Z02FEB2015    -4.4238    6.56811    1003.77
04Z02FEB2015    -2.76429    6.62871    1001.77
05Z02FEB2015    -1.30057    4.49838    998.906
06Z02FEB2015    -1.3938    3.01135    997.408
07Z02FEB2015    -1.53365    3.67795    997.849
08Z02FEB2015    4.19072    0.587354    1000.81
09Z02FEB2015    3.19782    -1.3938    1003.65
10Z02FEB2015    4.53102    1.60823    1005.15
11Z02FEB2015    6.19518    3.03    1006.22
12Z02FEB2015    7.29531    4.56831    1006.64
13Z02FEB2015    8.33949    5.40738    1007.48
14Z02FEB2015    8.20897    6.07398    1006.36
15Z02FEB2015    6.24646    5.3328    1004.11
16Z02FEB2015    -0.890354    6.70329    1003.54
17Z02FEB2015    -3.05797    8.37212    1003.64
18Z02FEB2015    -3.07662    8.68911    1003.58
19Z02FEB2015    -3.14188    7.96191    1003.19
20Z02FEB2015    -3.22578    8.28355    1002.14
21Z02FEB2015    -3.36563    8.46069    1001.98
22Z02FEB2015    -3.14188    7.272    1002.27
23Z02FEB2015    -2.92745    6.666    1003.42
00Z03FEB2015    -2.65708    6.68931    1003.4
01Z31JAN2015    -0.125862    -7.92462    1014.16
02Z31JAN2015    -2.84354    -7.31395    1013.26
03Z31JAN2015    -0.741185    -5.86888    1014.62
04Z31JAN2015    -0.713215    -4.12546    1011.08
05Z31JAN2015    2.73166    -2.65242    1017.77
06Z31JAN2015    1.79935    -3.333    1013.89
07Z31JAN2015    4.33523    -3.32368    1011.37
08Z31JAN2015    1.74342    2.8482    1013.27
09Z31JAN2015    1.73409    3.42157    1019.67
10Z31JAN2015    2.39137    3.06263    1025.2
11Z31JAN2015    6.27443    5.6358    1028.12
12Z31JAN2015    6.46555    4.70815    1029.54
13Z31JAN2015    5.89685    4.07418    1026.01
14Z31JAN2015    6.73592    5.70106    1023.39
15Z31JAN2015    5.94346    5.8782    1020.12
16Z31JAN2015    -0.303    7.28132    1015.08
17Z31JAN2015    -3.35165    7.91063    1012.72
18Z31JAN2015    -4.02291    9.54217    1006.82
19Z31JAN2015    -3.91103    8.99211    1002.3
20Z31JAN2015    -3.56142    9.86848    1001.27
21Z31JAN2015    -4.25132    10.6703    1006.09
22Z31JAN2015    -4.03223    13.332    1010.04
23Z31JAN2015    -4.32591    13.029    1011.19
00Z01FEB2015    -3.22578    11.2343    1012.31
01Z01FEB2015    -2.62911    10.936    1015.49
02Z01FEB2015    -0.475477    11.7331    1018.46
03Z01FEB2015    -3.38428    11.6352    1020.96
04Z01FEB2015    -4.02291    12.4603    1021.78
05Z01FEB2015    -4.20471    13.8215    1021.57
06Z01FEB2015    -4.27463    12.5862    1020.68
07Z01FEB2015    -3.71991    12.4836    1021.62
08Z01FEB2015    -4.00426    12.2692    1022.43
09Z01FEB2015    -3.25375    12.3717    1018.67
10Z01FEB2015    -3.23511    12.7167    1016.34
11Z01FEB2015    -3.2118    12.2785    1014.35
12Z01FEB2015    -3.14188    12.0967    1014.19
13Z01FEB2015    -2.91812    11.7704    1012.82
14Z01FEB2015    -2.96008    11.7378    1012.55
15Z01FEB2015    -3.31435    12.9451    1009.58
16Z01FEB2015    -3.91103    13.5697    1007.64
17Z01FEB2015    -4.64289    13.5231    1006.77
18Z01FEB2015    -5.05311    14.7444    1008.09
19Z01FEB2015    -5.06243    16.9354    1009.97
20Z01FEB2015    -4.49372    17.1451    1013.13
21Z01FEB2015    -4.90394    17.1824    1013.79
22Z01FEB2015    -4.93657    16.6883    1013.85
23Z01FEB2015    -5.17897    16.1196    1014.08
00Z02FEB2015    -4.74545    15.3038    1013.54
01Z02FEB2015    -5.20228    13.635    1012.11
02Z02FEB2015    -5.16032    11.2809    1009.83
03Z02FEB2015    -4.45177    9.84517    1008.28
04Z02FEB2015    -5.27686    8.63783    1006
05Z02FEB2015    -4.83868    7.56102    1003.94
06Z02FEB2015    -4.59162    8.10642    1002.59
07Z02FEB2015    -3.88772    8.63317    1000.37
08Z02FEB2015    -2.9694    10.3253    998.875
09Z02FEB2015    -2.10235    10.605    999.304
10Z02FEB2015    -1.98582    10.2694    1000.89
11Z02FEB2015    -2.28415    9.94306    1002.37
12Z02FEB2015    -2.3028    10.0223    1002.01
13Z02FEB2015    -2.75031    10.3579    1001.31
14Z02FEB2015    -2.90414    10.3533    999.782
15Z02FEB2015    -3.26774    9.85915    999.18
16Z02FEB2015    -3.85509    9.65871    999.745
17Z02FEB2015    -4.50771    8.94549    999.658
18Z02FEB2015    -4.84334    9.66803    1001.58
19Z02FEB2015    -4.54966    9.62608    1003.31
20Z02FEB2015    -4.47974    10.1295    1004.59
21Z02FEB2015    -5.05311    10.5211    1004.41
22Z02FEB2015    -5.35145    10.1342    1004.36
23Z02FEB2015    -5.07175    9.64006    1003.87
00Z03FEB2015    -4.75477    9.16925    1002.85
01Z03FEB2015    -4.75943    8.39077    1001.46
02Z03FEB2015    -3.88772    7.52838    999.559
03Z03FEB2015    -3.56608    7.35591    998.123
04Z03FEB2015    -2.80158    7.56568    997.135
05Z03FEB2015    -2.87617    6.32571    996.743
06Z03FEB2015    -2.45663    7.16478    996.749
07Z03FEB2015    2.47994    0.102554    997.7
08Z03FEB2015    -0.0326308    0.890354    998.676
09Z03FEB2015    4.848    1.74342    1001.58
10Z03FEB2015    4.3026    1.82732    1003.47
11Z03FEB2015    6.98298    4.58695    1005.26
12Z03FEB2015    7.9992    5.55655    1006.51
13Z03FEB2015    8.43738    5.71038    1006.79
14Z03FEB2015    7.77078    5.53325    1006.15
15Z03FEB2015    6.38165    5.29551    1005.04
16Z03FEB2015    1.09546    4.70349    1003.86
17Z03FEB2015    -1.5756    5.12769    1002.65
18Z03FEB2015    -2.6058    5.23025    1002.47
19Z03FEB2015    -3.28638    5.26754    1002.16
20Z03FEB2015    -2.85286    4.10682    1001.86
21Z03FEB2015    -2.41002    4.36786    1002.14
22Z03FEB2015    -2.4846    4.42846    1001.28
23Z03FEB2015    -2.83422    5.20694    1001.17
00Z04FEB2015    -2.89015    5.82692    1001.7
            
            
            
            
            
            
            
            
            
            
            
            
            
            
            
            
            
            
            
            
            
            
            
            
            
            
            
            
            
            
            
            
            
            
            
            
            
            
            
            
            
            
            
            
            
            
            
            
            
            
            
            
            
            
            
            
            
            
            
            
            
            
            
            
            
            
            
            
            
            
            
            
            
            
            
            
            
            
            
            
            
            
            
            
            
            
            
            
            
            
            
            
            
            
            
            
            
            
            
            
            
            
            
            
            
            
            
            
            
            
            
            
            
            
            
            
            
            
            
            
            
            
            
            
            
            
            
            
            
            
            
            
            
            
            
            
            
            
            
            
            
            
            
            
