tyd    u    v    psl
01Z30JAN2015    7.74748    -1.71078    1009.88
02Z30JAN2015    7.58432    0.0885692    1009.65
03Z30JAN2015    8.08311    1.04418    1007.66
04Z30JAN2015    8.43272    0.797123    1009.4
05Z30JAN2015    9.15526    0.335631    1011.87
06Z30JAN2015    8.26491    0.941631    1008.39
07Z30JAN2015    2.14897    -0.983585    1009.28
08Z30JAN2015    5.56588    -0.755169    1004.51
09Z30JAN2015    4.28862    -0.745846    1000.81
10Z30JAN2015    6.75457    -1.79003    1009.76
11Z30JAN2015    12.9031    -6.33969    1016.76
12Z30JAN2015    12.2365    -7.13215    1022.17
13Z30JAN2015    13.7515    -6.68465    1022.33
14Z30JAN2015    14.3995    -7.74748    1019.05
15Z30JAN2015    13.318    -8.41408    1009.71
16Z30JAN2015    10.7915    -9.08068    1006.94
17Z30JAN2015    10.9593    -8.04582    1002.74
18Z30JAN2015    12.4976    -3.91569    995.102
19Z30JAN2015    2.06506    0.820431    987.488
20Z30JAN2015    2.04642    0.0559385    994.512
21Z30JAN2015    3.37029    0.601338    1005.67
22Z30JAN2015    2.96474    -0.904338    1011.96
23Z30JAN2015    4.545    0.144508    1010.1
00Z31JAN2015    5.00649    -0.629308    1008.75
01Z31JAN2015    8.40942    -0.568708    1008.6
02Z31JAN2015    10.3812    -3.91569    1013.26
03Z31JAN2015    9.88246    -3.80382    1020.01
04Z31JAN2015    5.48197    2.88549    1021.46
05Z31JAN2015    -0.778477    0.829754    1017.86
06Z31JAN2015    -0.661938    1.89725    1016.74
07Z31JAN2015    -1.86462    2.16762    1015.5
08Z31JAN2015    -1.35185    2.88549    1014.64
09Z31JAN2015    -1.08614    4.92258    1013.16
10Z31JAN2015    -0.890354    5.60317    1011.64
11Z31JAN2015    -1.14674    5.56122    1012.65
12Z31JAN2015    -1.20734    5.63114    1017.35
13Z31JAN2015    -1.38914    5.17897    1019.7
14Z31JAN2015    -2.1816    4.89928    1017.7
15Z31JAN2015    -2.37272    6.11128    1013.02
16Z31JAN2015    -2.83888    6.73592    1010.72
17Z31JAN2015    -2.57317    7.00163    1006.78
18Z31JAN2015    -2.65708    5.56122    1009.36
19Z31JAN2015    -3.36097    5.06709    1015.71
20Z31JAN2015    -3.50548    3.97163    1019.88
21Z31JAN2015    -2.38205    3.97163    1018.93
22Z31JAN2015    -4.31192    4.11614    1018.29
23Z31JAN2015    -3.40292    4.82935    1018.19
00Z01FEB2015    -3.16518    4.32591    1018.99
01Z01FEB2015    -3.37495    3.68728    1018.07
02Z01FEB2015    -2.88083    4.14877    1018.49
03Z01FEB2015    -3.53345    3.93434    1016.63
04Z01FEB2015    -3.14654    3.90171    1014.51
05Z01FEB2015    -2.88083    3.69194    1013.15
06Z01FEB2015    -3.85975    3.35631    1010.33
07Z01FEB2015    -4.22802    3.86442    1004.62
08Z01FEB2015    -4.27929    4.48906    1001.67
09Z01FEB2015    -4.25598    6.15323    1003.04
10Z01FEB2015    -4.39583    6.23248    1007.61
11Z01FEB2015    -4.40982    6.78254    1010.75
12Z01FEB2015    -4.58695    6.90374    1009.42
13Z01FEB2015    -4.93191    6.99697    1005.62
14Z01FEB2015    -4.69883    7.16012    1003.87
15Z01FEB2015    -4.31192    6.83382    1001.81
16Z01FEB2015    -4.03223    6.44225    1000.21
17Z01FEB2015    -3.02534    5.91549    999.497
18Z01FEB2015    -2.85286    4.34455    1001.3
19Z01FEB2015    -2.62911    3.45886    1003.02
20Z01FEB2015    -2.85286    4.76875    1004.66
21Z01FEB2015    -2.78294    4.9692    1006.91
22Z01FEB2015    -4.05554    4.68951    1008.67
23Z01FEB2015    -5.25822    4.26065    1008.76
00Z02FEB2015    -2.69903    5.151    1009.07
01Z02FEB2015    -1.40312    4.71282    1008.72
02Z02FEB2015    -1.29125    4.75011    1007.12
03Z02FEB2015    -1.13275    4.36786    1004.56
04Z02FEB2015    -1.29125    3.37029    1002.39
05Z02FEB2015    -1.47771    2.54054    999.584
06Z02FEB2015    -1.72477    1.3332    997.632
07Z02FEB2015    -1.79935    1.33786    998.502
08Z02FEB2015    -1.44042    1.52432    1000.52
09Z02FEB2015    -0.899677    0.717877    1002.72
10Z02FEB2015    2.07905    -1.72943    1004.44
11Z02FEB2015    4.4844    -1.8786    1005.23
12Z02FEB2015    4.7874    -2.02777    1006.53
13Z02FEB2015    1.52432    0.0932308    1007.15
14Z02FEB2015    -0.652615    4.73612    1005.81
15Z02FEB2015    -1.00223    5.29085    1004.32
16Z02FEB2015    -1.16538    5.95745    1003.64
17Z02FEB2015    -1.37982    5.44002    1004.4
18Z02FEB2015    -1.92522    4.79206    1003.97
19Z02FEB2015    -1.87394    4.41914    1003.87
20Z02FEB2015    -2.86685    1.62688    1003.06
21Z02FEB2015    -3.22112    1.54763    1002.77
22Z02FEB2015    -3.2118    0.358938    1003.19
23Z02FEB2015    -2.68505    0.233077    1004.12
00Z03FEB2015    -3.00669    0.247062    1004.37
01Z31JAN2015    7.47711    -6.40495    1012.81
02Z31JAN2015    8.21829    -5.03446    1011.78
03Z31JAN2015    7.7568    -3.13722    1013.1
04Z31JAN2015    7.09952    -3.2118    1010.7
05Z31JAN2015    5.72903    0.559385    1017.26
06Z31JAN2015    5.44002    -1.9392    1013.45
07Z31JAN2015    6.83382    -2.13498    1011.59
08Z31JAN2015    6.92238    -0.997569    1013.21
09Z31JAN2015    4.28862    0    1019.24
10Z31JAN2015    2.61512    -0.205108    1025.06
11Z31JAN2015    5.30017    -1.50102    1027.48
12Z31JAN2015    6.78254    -1.36117    1028.76
13Z31JAN2015    5.57986    -1.14674    1025.76
14Z31JAN2015    4.02291    -1.34252    1023.12
15Z31JAN2015    1.30523    0.554723    1019.78
16Z31JAN2015    -2.58249    4.3026    1016.09
17Z31JAN2015    -1.84597    6.12992    1014.1
18Z31JAN2015    -2.88083    4.99717    1008.45
19Z31JAN2015    -3.30503    2.31212    1003.72
20Z31JAN2015    -3.5754    4.35854    1002.95
21Z31JAN2015    -3.52878    4.58695    1008.55
22Z31JAN2015    -4.28395    5.09506    1012.56
23Z31JAN2015    -4.3026    4.99717    1013.3
00Z01FEB2015    -1.79003    5.23491    1014.15
01Z01FEB2015    -2.17228    5.32348    1017.07
02Z01FEB2015    -1.19335    4.1208    1019.71
03Z01FEB2015    -2.00446    3.5148    1022.1
04Z01FEB2015    -2.90414    2.16295    1023.25
05Z01FEB2015    -3.23977    2.93677    1023.33
06Z01FEB2015    -3.93434    3.08128    1023
07Z01FEB2015    -4.61958    3.16985    1023.65
08Z01FEB2015    -5.24423    3.61735    1024.14
09Z01FEB2015    -5.41205    4.545    1020.55
10Z01FEB2015    -5.30949    4.95055    1017.91
11Z01FEB2015    -4.56831    5.60783    1015.47
12Z01FEB2015    -4.16742    6.45623    1014.92
13Z01FEB2015    -4.32591    6.15323    1013.73
14Z01FEB2015    -3.96231    6.50751    1013.26
15Z01FEB2015    -3.939    7.28598    1011
16Z01FEB2015    -3.47285    7.22072    1009.27
17Z01FEB2015    -3.75254    7.31395    1009.13
18Z01FEB2015    -4.1208    6.39097    1010.79
19Z01FEB2015    -4.05554    5.88286    1013.19
20Z01FEB2015    -4.88529    5.31882    1016.22
21Z01FEB2015    -4.75011    4.83402    1017.44
22Z01FEB2015    -4.06486    5.51926    1017.01
23Z01FEB2015    -3.91103    5.64046    1017.01
00Z02FEB2015    -3.42623    6.33503    1016.03
01Z02FEB2015    -3.02068    6.58209    1014.78
02Z02FEB2015    -2.33077    6.08331    1012.51
03Z02FEB2015    -1.90191    5.61715    1010.45
04Z02FEB2015    -1.61289    5.42137    1007.74
05Z02FEB2015    -2.30746    5.151    1005.8
06Z02FEB2015    -2.56851    4.39583    1004.16
07Z02FEB2015    -3.2724    4.17208    1001.98
08Z02FEB2015    -4.69883    4.32591    999.82
09Z02FEB2015    -5.26754    4.14411    1000.32
10Z02FEB2015    -5.10905    4.56831    1001.12
11Z02FEB2015    -3.99028    5.39806    1002.64
12Z02FEB2015    -3.62202    5.47731    1002.49
13Z02FEB2015    -2.52189    6.04135    1001.32
14Z02FEB2015    -1.82266    6.17188    1000.12
15Z02FEB2015    -1.7574    6.26977    999.633
16Z02FEB2015    -0.932308    6.34902    1000.47
17Z02FEB2015    -1.16072    6.23714    1000.73
18Z02FEB2015    -1.2726    4.9692    1002.83
19Z02FEB2015    -2.7876    2.99737    1005.69
20Z02FEB2015    -3.35165    3.78517    1006.53
21Z02FEB2015    -3.47285    3.71525    1006.16
22Z02FEB2015    -3.43089    4.17208    1006.08
23Z02FEB2015    -3.58938    4.05554    1005.98
00Z03FEB2015    -3.37029    4.75477    1004.41
01Z03FEB2015    -2.14431    5.01115    1002.95
02Z03FEB2015    -1.7574    4.83402    1001.01
03Z03FEB2015    -2.19092    4.57297    999.061
04Z03FEB2015    -1.86462    3.37029    997.731
05Z03FEB2015    -1.68748    1.70146    997.265
06Z03FEB2015    -1.64086    1.55229    997.166
07Z03FEB2015    -1.41711    1.6362    997.464
08Z03FEB2015    -1.04418    0.862385    998.713
09Z03FEB2015    0    0.219092    1000.57
10Z03FEB2015    2.62445    -1.89258    1002.76
11Z03FEB2015    3.68262    -2.86685    1004.72
12Z03FEB2015    2.25618    -0.685246    1006.19
13Z03FEB2015    -0.508108    4.44245    1007
14Z03FEB2015    -1.08614    5.05311    1006.3
15Z03FEB2015    -0.815769    4.9692    1005.28
16Z03FEB2015    -1.36583    4.848    1003.55
17Z03FEB2015    -2.19092    4.43312    1003.18
18Z03FEB2015    -1.88792    3.85043    1002.56
19Z03FEB2015    -1.36117    1.46838    1003.05
20Z03FEB2015    -1.67815    0.540738    1002.37
21Z03FEB2015    -2.22355    0.265708    1002.64
22Z03FEB2015    -3.00203    0.685246    1002.34
23Z03FEB2015    -2.72234    1.26794    1002.02
00Z04FEB2015    -2.58249    1.51966    1002.75
            
            
            
            
            
            
            
            
            
            
            
            
            
            
            
            
            
            
            
            
            
            
            
            
            
            
            
            
            
            
            
            
            
            
            
            
            
            
            
            
            
            
            
            
            
            
            
            
            
            
            
            
            
            
            
            
            
            
            
            
            
            
            
            
            
            
            
            
            
            
            
            
            
            
            
            
            
            
            
            
            
            
            
            
            
            
            
            
            
            
            
            
            
            
            
            
            
            
            
            
            
            
            
            
            
            
            
            
            
            
            
            
            
            
            
            
            
            
            
            
            
            
            
            
            
            
            
            
            
            
            
            
            
            
            
            
            
            
            
            
            
            
            
            
