tyd    u    v    psl
01Z30JAN2015    2.20025    -5.88752    1010.7
02Z30JAN2015    2.77828    -6.76389    1010.66
03Z30JAN2015    2.68971    -6.83848    1008.62
04Z30JAN2015    2.3028    -7.08554    1010.55
05Z30JAN2015    2.16762    -6.67532    1013.41
06Z30JAN2015    2.74565    -7.59365    1009.6
07Z30JAN2015    2.44731    -6.38165    1010.69
08Z30JAN2015    3.58006    -7.18343    1005.51
09Z30JAN2015    4.68018    -6.76855    1001.86
10Z30JAN2015    4.3632    -7.11351    1011.11
11Z30JAN2015    6.26045    -9.47691    1019.64
12Z30JAN2015    7.15546    -9.05271    1024.53
13Z30JAN2015    6.23714    -7.72417    1024.76
14Z30JAN2015    7.14148    -8.19965    1021.49
15Z30JAN2015    8.30686    -8.06446    1011.39
16Z30JAN2015    4.05554    -6.46089    1008.19
17Z30JAN2015    2.91346    -6.45157    1004.39
18Z30JAN2015    1.60823    -5.36543    996.967
19Z30JAN2015    1.85063    -3.82712    987.725
20Z30JAN2015    1.45906    -5.55189    994.754
21Z30JAN2015    1.54763    -3.91103    1005.39
22Z30JAN2015    0.326308    -5.61715    1012.33
23Z30JAN2015    -0.349615    -4.38651    1010.62
00Z31JAN2015    0.759831    -1.03486    1009.43
01Z31JAN2015    0.955615    -3.82712    1009.82
02Z31JAN2015    1.42177    -2.97406    1015.13
03Z31JAN2015    0.219092    -0.261046    1021.59
04Z31JAN2015    -2.20957    -1.77138    1021.9
05Z31JAN2015    -0.0419538    -1.2726    1018.19
06Z31JAN2015    1.31922    1.31922    1016.72
07Z31JAN2015    0.153831    3.23977    1015.53
08Z31JAN2015    -1.73409    6.5448    1014.49
09Z31JAN2015    -0.261046    7.99454    1013.67
10Z31JAN2015    0.116538    8.11108    1011.96
11Z31JAN2015    0.0372923    8.50731    1012.61
12Z31JAN2015    0.0839077    8.91286    1017.82
13Z31JAN2015    -0.918323    7.65425    1020.27
14Z31JAN2015    0.293677    7.97123    1017.72
15Z31JAN2015    0.0932308    8.40009    1012.88
16Z31JAN2015    -0.433523    8.70309    1010.13
17Z31JAN2015    -1.27726    8.94083    1006.29
18Z31JAN2015    -0.494123    8.83362    1008.68
19Z31JAN2015    -0.382246    10.1855    1014.78
20Z31JAN2015    -0.0839077    11.3602    1019.16
21Z31JAN2015    -0.0745846    10.5211    1018.13
22Z31JAN2015    -0.769154    10.8334    1017.22
23Z31JAN2015    -1.94852    11.4021    1016.92
00Z01FEB2015    -1.90657    12.2785    1018.07
01Z01FEB2015    -1.92988    11.2017    1016.51
02Z01FEB2015    -2.31212    11.3136    1016.94
03Z01FEB2015    -1.67349    11.0385    1015.04
04Z01FEB2015    -1.31922    10.1016    1013.22
05Z01FEB2015    -1.59891    9.59345    1012.01
06Z01FEB2015    -1.56162    9.16925    1009.27
07Z01FEB2015    -1.65485    10.1482    1003.49
08Z01FEB2015    -2.13032    10.8008    1000.97
09Z01FEB2015    -1.94386    11.1038    1002.72
10Z01FEB2015    -1.32388    11.3415    1007.33
11Z01FEB2015    -1.2726    11.2436    1010.52
12Z01FEB2015    -1.0908    11.2157    1009.15
13Z01FEB2015    -0.876369    11.0805    1005.47
14Z01FEB2015    -0.867046    10.866    1003.03
15Z01FEB2015    -0.550062    10.3766    1001.7
16Z01FEB2015    -0.247062    9.999    999.969
17Z01FEB2015    0.0745846    9.39766    999.552
18Z01FEB2015    0.326308    8.06446    1000.56
19Z01FEB2015    0.629308    6.666    1001.95
20Z01FEB2015    -1.05351    8.88023    1004.17
21Z01FEB2015    -0.6666    8.0598    1005.61
22Z01FEB2015    -1.04885    8.06446    1006.87
23Z01FEB2015    -1.42643    6.40029    1007.2
00Z02FEB2015    -0.964938    6.11594    1007.63
01Z02FEB2015    -0.652615    5.65911    1007.14
02Z02FEB2015    0.0699231    5.09506    1006.46
03Z02FEB2015    0.517431    4.88529    1003.6
04Z02FEB2015    0.978923    3.04398    1001.65
05Z02FEB2015    1.16538    2.58249    998.776
06Z02FEB2015    0.895015    3.99028    997.147
07Z02FEB2015    -0.386908    4.56365    997.93
08Z02FEB2015    -0.358938    3.33766    1000.7
09Z02FEB2015    -0.0419538    2.95542    1002.58
10Z02FEB2015    0.303    3.636    1004.64
11Z02FEB2015    -0.2424    4.9692    1006.1
12Z02FEB2015    -0.386908    5.67309    1007.13
13Z02FEB2015    -0.200446    6.64735    1007.37
14Z02FEB2015    -0.167815    7.11817    1006.61
15Z02FEB2015    -0.167815    7.59365    1004.82
16Z02FEB2015    -0.349615    7.78477    1003.93
17Z02FEB2015    -0.265708    7.51906    1003.89
18Z02FEB2015    0.344954    7.28132    1003.73
19Z02FEB2015    0.540738    6.85712    1003.33
20Z02FEB2015    0.386908    6.88509    1002.51
21Z02FEB2015    0.228415    6.56811    1002.31
22Z02FEB2015    0.158492    5.8176    1002.69
23Z02FEB2015    0.494123    5.64046    1003.46
00Z03FEB2015    0.372923    5.77565    1003.73
01Z31JAN2015    -1.3332    -7.5144    1013.91
02Z31JAN2015    0.247062    -8.41874    1012.98
03Z31JAN2015    4.94589    -9.1506    1014.21
04Z31JAN2015    -0.606    -1.84131    1011.36
05Z31JAN2015    0.913662    -1.02088    1017.59
06Z31JAN2015    1.93454    -1.97649    1013.72
07Z31JAN2015    -0.661938    0.466154    1011.78
08Z31JAN2015    -0.330969    1.14208    1013.26
09Z31JAN2015    2.79692    5.72903    1019.44
10Z31JAN2015    1.92988    4.66154    1025.32
11Z31JAN2015    0.978923    4.242    1027.92
12Z31JAN2015    1.05817    4.71748    1029.48
13Z31JAN2015    -0.102554    5.06709    1026.09
14Z31JAN2015    0.2424    7.10418    1023.64
15Z31JAN2015    0.1212    6.93637    1020.31
16Z31JAN2015    -0.950954    7.12283    1015.53
17Z31JAN2015    -1.06283    7.64026    1013.43
18Z31JAN2015    -1.23065    7.41651    1007.2
19Z31JAN2015    -1.47305    7.53771    1002.49
20Z31JAN2015    -2.01378    8.09709    1001.66
21Z31JAN2015    -1.1514    9.75194    1006.54
22Z31JAN2015    -2.12566    8.65182    1010.7
23Z31JAN2015    -2.51723    5.58918    1011.39
00Z01FEB2015    -2.66174    4.848    1012.92
01Z01FEB2015    1.83665    3.85509    1015.8
02Z01FEB2015    0.107215    3.46818    1018.73
03Z01FEB2015    -1.92988    5.66377    1020.94
04Z01FEB2015    -0.624646    6.8478    1022.35
05Z01FEB2015    -1.36583    6.9084    1021.71
06Z01FEB2015    -1.50102    3.6966    1020.92
07Z01FEB2015    -2.47528    8.59122    1022.17
08Z01FEB2015    -1.82732    7.71485    1022.68
09Z01FEB2015    -1.58026    8.82429    1019.21
10Z01FEB2015    -2.28415    10.1528    1016.7
11Z01FEB2015    -1.97649    10.344    1014.9
12Z01FEB2015    -1.80868    10.8381    1014.48
13Z01FEB2015    -0.736523    10.922    1013.16
14Z01FEB2015    -0.643292    10.344    1013.29
15Z01FEB2015    -0.936969    11.4767    1010.22
16Z01FEB2015    -1.49635    11.0385    1008.16
17Z01FEB2015    -1.86928    10.7728    1007.8
18Z01FEB2015    -1.94386    10.8707    1008.84
19Z01FEB2015    -3.18383    12.2086    1010.85
20Z01FEB2015    -5.04845    12.5628    1013.93
21Z01FEB2015    -5.44468    10.0689    1015.04
22Z01FEB2015    -2.53122    9.66337    1014.72
23Z01FEB2015    -2.49392    9.10865    1014.92
00Z02FEB2015    -2.35874    7.87334    1014.21
01Z02FEB2015    -1.11877    7.01562    1012.74
02Z02FEB2015    0.974262    6.26511    1010.58
03Z02FEB2015    0.955615    5.94812    1008.61
04Z02FEB2015    0.615323    5.77098    1006.3
05Z02FEB2015    1.00223    6.46555    1004.38
06Z02FEB2015    0.624646    4.37252    1003.01
07Z02FEB2015    -0.428862    5.71038    1000.8
08Z02FEB2015    -0.163154    6.11594    999.273
09Z02FEB2015    -0.330969    7.12283    999.565
10Z02FEB2015    -0.466154    7.76146    1001.41
11Z02FEB2015    -0.582692    8.88023    1002.8
12Z02FEB2015    0.0326308    9.22985    1002.69
13Z02FEB2015    0.0279692    9.57014    1001.61
14Z02FEB2015    0.167815    9.46758    1000.27
15Z02FEB2015    0.480138    9.40698    999.714
16Z02FEB2015    -0.200446    9.42563    1000.68
17Z02FEB2015    -0.335631    9.01075    1000.71
18Z02FEB2015    0.428862    8.70775    1001.94
19Z02FEB2015    -0.722538    9.18789    1004.34
20Z02FEB2015    -1.17471    9.65871    1005.58
21Z02FEB2015    -1.36583    10.3253    1004.78
22Z02FEB2015    -1.47771    10.0969    1004.8
23Z02FEB2015    -1.89258    10.2181    1004.53
00Z03FEB2015    -1.83665    9.64006    1003.18
01Z03FEB2015    -0.778477    8.77302    1001.8
02Z03FEB2015    2.19558    6.80585    999.925
03Z03FEB2015    0.755169    7.9992    998.322
04Z03FEB2015    0.564046    6.74058    997.34
05Z03FEB2015    1.41245    5.50528    996.774
06Z03FEB2015    1.47305    5.44468    997.085
07Z03FEB2015    0.899677    5.6964    997.501
08Z03FEB2015    0.773815    5.37942    998.993
09Z03FEB2015    0.4242    5.52858    1001.34
10Z03FEB2015    0.270369    5.30017    1003.6
11Z03FEB2015    -0.111877    5.45866    1005.59
12Z03FEB2015    -0.330969    5.96677    1006.74
13Z03FEB2015    -0.745846    6.17188    1007.2
14Z03FEB2015    -0.913662    6.87111    1006.2
15Z03FEB2015    -0.825092    7.38388    1005.51
16Z03FEB2015    -0.377585    7.2114    1004.1
17Z03FEB2015    -0.340292    6.53082    1003.1
18Z03FEB2015    0.00466154    4.92725    1002.72
19Z03FEB2015    0.536077    4.27929    1002.91
20Z03FEB2015    1.55695    3.67795    1002.19
21Z03FEB2015    0.480138    4.68485    1002.01
22Z03FEB2015    0.0932308    5.87354    1001.73
23Z03FEB2015    0.755169    5.74302    1001.4
00Z04FEB2015    1.46838    4.50305    1002.1
            
            
            
            
            
            
            
            
            
            
            
            
            
            
            
            
            
            
            
            
            
            
            
            
            
            
            
            
            
            
            
            
            
            
            
            
            
            
            
            
            
            
            
            
            
            
            
            
            
            
            
            
            
            
            
            
            
            
            
            
            
            
            
            
            
            
            
            
            
            
            
            
            
            
            
            
            
            
            
            
            
            
            
            
            
            
            
            
            
            
            
            
            
            
            
            
            
            
            
            
            
            
            
            
            
            
            
            
            
            
            
            
            
            
            
            
            
            
            
            
            
            
            
            
            
            
            
            
            
            
            
            
            
            
            
            
            
            
            
            
            
            
            
            
