tyd    u    v    psl
01Z30JAN2015    2.29814    -5.68242    1010.62
02Z30JAN2015    -0.0839077    -1.40312    1011.12
03Z30JAN2015    -0.461492    -1.88326    1009.12
04Z30JAN2015    -0.107215    -1.93454    1011.08
05Z30JAN2015    -0.708554    -1.56162    1013.36
06Z30JAN2015    -0.251723    -2.89015    1010.08
07Z30JAN2015    -0.386908    -3.05797    1010.7
08Z30JAN2015    0.689908    -3.23511    1005.79
09Z30JAN2015    1.85995    -2.68971    1001.85
10Z30JAN2015    5.90617    -4.16742    1010.87
11Z30JAN2015    6.33969    -3.79915    1019.36
12Z30JAN2015    5.95745    -2.61512    1024.26
13Z30JAN2015    7.14148    -2.88083    1024.52
14Z30JAN2015    8.03649    -5.07175    1022.15
15Z30JAN2015    5.65445    -4.72214    1012.14
16Z30JAN2015    2.27483    -2.28415    1008.75
17Z30JAN2015    0.946292    -2.32611    1004.64
18Z30JAN2015    2.82023    -4.68485    997.166
19Z30JAN2015    -0.741185    -1.26794    988.06
20Z30JAN2015    -1.10945    -0.932308    994.586
21Z30JAN2015    0.144508    -0.0839077    1005.62
22Z30JAN2015    -0.955615    0.508108    1012.46
23Z30JAN2015    0.303    -0.372923    1010.93
00Z31JAN2015    0.223754    -0.699231    1009.58
01Z31JAN2015    0.326308    -0.578031    1009.98
02Z31JAN2015    0.130523    1.34718    1014.66
03Z31JAN2015    0.00932308    -0.200446    1020.91
04Z31JAN2015    -0.601338    0.433523    1022.29
05Z31JAN2015    -0.237738    0.265708    1018.22
06Z31JAN2015    2.61978    2.18626    1017.04
07Z31JAN2015    1.20268    4.17674    1015.36
08Z31JAN2015    1.99048    5.80828    1014.2
09Z31JAN2015    2.53588    6.71728    1012.65
10Z31JAN2015    2.73166    7.30929    1011.84
11Z31JAN2015    2.73166    7.59831    1012.11
12Z31JAN2015    2.74565    7.73349    1017.2
13Z31JAN2015    2.70835    7.40252    1019.53
14Z31JAN2015    2.44265    7.47245    1017.4
15Z31JAN2015    2.46595    7.54237    1012.77
16Z31JAN2015    2.66174    7.86868    1010.16
17Z31JAN2015    2.84354    9.17857    1005.84
18Z31JAN2015    3.33766    8.88955    1007.92
19Z31JAN2015    3.22112    8.47002    1014.14
20Z31JAN2015    4.11614    8.6052    1018.47
21Z31JAN2015    3.54277    9.06669    1017.62
22Z31JAN2015    2.40069    7.88266    1016.38
23Z31JAN2015    1.99514    5.89218    1016.74
00Z01FEB2015    2.47994    6.89908    1017.2
01Z01FEB2015    1.49635    7.22072    1016.19
02Z01FEB2015    2.56851    5.46332    1016.41
03Z01FEB2015    3.01135    4.87131    1014.47
04Z01FEB2015    3.86908    4.242    1012.85
05Z01FEB2015    3.16518    3.79449    1011.41
06Z01FEB2015    1.77138    3.2118    1008.96
07Z01FEB2015    2.3028    6.49818    1002.73
08Z01FEB2015    1.99514    6.88509    1000.17
09Z01FEB2015    2.04642    7.1508    1001.37
10Z01FEB2015    2.68505    7.98522    1005.95
11Z01FEB2015    2.59182    7.76612    1009.44
12Z01FEB2015    3.02068    8.30686    1008.42
13Z01FEB2015    3.17451    8.53528    1004
14Z01FEB2015    3.14654    8.47934    1002.01
15Z01FEB2015    3.44488    7.99454    1000.27
16Z01FEB2015    3.84111    6.84314    998.738
17Z01FEB2015    3.58938    6.38631    998.055
18Z01FEB2015    3.97163    6.48886    999.938
19Z01FEB2015    3.29571    6.13925    1001.55
20Z01FEB2015    2.44265    4.86665    1002.54
21Z01FEB2015    1.95318    5.61249    1005.7
22Z01FEB2015    3.94366    3.54277    1006.28
23Z01FEB2015    2.41002    2.14431    1006.2
00Z02FEB2015    1.82266    1.37982    1006.59
01Z02FEB2015    2.75031    -0.414877    1007.07
02Z02FEB2015    1.49169    -0.8484    1005.62
03Z02FEB2015    0.293677    0.0559385    1003.7
04Z02FEB2015    0.480138    0.368262    1001.32
05Z02FEB2015    0.764492    0.0839077    998.9
06Z02FEB2015    0.4242    -0.111877    997.041
07Z02FEB2015    0.8484    1.10478    997.682
08Z02FEB2015    1.43575    2.89948    1000.3
09Z02FEB2015    1.38448    4.01358    1002.44
10Z02FEB2015    1.49169    4.20005    1004.44
11Z02FEB2015    1.94386    4.54966    1005.9
12Z02FEB2015    2.27949    5.58452    1006.87
13Z02FEB2015    2.21889    6.35368    1007.38
14Z02FEB2015    2.39137    7.09952    1005.99
15Z02FEB2015    2.40069    7.70552    1004.24
16Z02FEB2015    2.43798    7.64026    1003.21
17Z02FEB2015    2.41002    7.47711    1003.89
18Z02FEB2015    2.72234    7.14148    1003.58
19Z02FEB2015    3.29571    7.37455    1002.63
20Z02FEB2015    2.84354    7.31862    1002.37
21Z02FEB2015    2.66174    7.20208    1001.95
22Z02FEB2015    2.64309    6.58209    1001.68
23Z02FEB2015    2.7876    6.15789    1003.14
00Z03FEB2015    2.8482    6.21849    1003.68
01Z31JAN2015    -1.12809    -6.4842    1013.7
02Z31JAN2015    -0.554723    -7.55169    1013.23
03Z31JAN2015    3.59405    -8.60986    1013.84
04Z31JAN2015    3.54743    -7.43515    1010.8
05Z31JAN2015    1.00223    -0.270369    1017.38
06Z31JAN2015    0.764492    -0.745846    1013.9
07Z31JAN2015    1.30523    0.1818    1011.79
08Z31JAN2015    1.89725    1.2726    1013.23
09Z31JAN2015    0.890354    5.74768    1019.48
10Z31JAN2015    1.818    6.50285    1025.71
11Z31JAN2015    1.37049    5.60317    1027.76
12Z31JAN2015    2.17694    5.57986    1029.31
13Z31JAN2015    2.01378    5.9994    1025.7
14Z31JAN2015    1.82266    7.272    1023.49
15Z31JAN2015    1.31922    6.99697    1019.95
16Z31JAN2015    1.49169    7.86868    1015.66
17Z31JAN2015    1.65485    8.1204    1012.93
18Z31JAN2015    1.90657    8.6052    1007.05
19Z31JAN2015    1.42643    6.58209    1002.17
20Z31JAN2015    2.86218    8.74971    1001.19
21Z31JAN2015    3.939    7.40252    1005.85
22Z31JAN2015    2.47994    5.48663    1009.66
23Z31JAN2015    3.27706    3.55675    1010.81
00Z01FEB2015    2.07438    -0.633969    1011.64
01Z01FEB2015    1.53831    0.0885692    1015.69
02Z01FEB2015    1.68748    0.839077    1018.11
03Z01FEB2015    0.0326308    0.149169    1020.81
04Z01FEB2015    1.53365    1.56628    1022.22
05Z01FEB2015    1.49635    1.50568    1021.46
06Z01FEB2015    0.857723    1.89725    1020.88
07Z01FEB2015    1.03486    2.41468    1021.46
08Z01FEB2015    0.270369    3.43089    1021.31
09Z01FEB2015    0.974262    5.13235    1018.41
10Z01FEB2015    1.3938    6.60074    1015.74
11Z01FEB2015    1.96717    7.0902    1013.13
12Z01FEB2015    1.83198    8.09709    1012.57
13Z01FEB2015    3.94832    6.22315    1011.95
14Z01FEB2015    4.73612    5.35145    1011.62
15Z01FEB2015    3.8784    6.53548    1008.86
16Z01FEB2015    3.37029    7.24869    1006.92
17Z01FEB2015    3.04398    8.68445    1006.28
18Z01FEB2015    3.88306    8.82429    1007.64
19Z01FEB2015    2.94143    8.01318    1009.13
20Z01FEB2015    1.01622    7.44448    1012.59
21Z01FEB2015    0.0652615    5.71505    1013.22
22Z01FEB2015    3.58006    3.68262    1013.02
23Z01FEB2015    2.05108    4.03223    1013.35
00Z02FEB2015    0.694569    0.759831    1012.67
01Z02FEB2015    1.07215    -0.769154    1011.68
02Z02FEB2015    0.992908    -0.475477    1009.68
03Z02FEB2015    0.498785    0.708554    1008.2
04Z02FEB2015    0.130523    -0.279692    1005.77
05Z02FEB2015    -0.0792462    -0.149169    1004.12
06Z02FEB2015    0.265708    0.396231    1002.37
07Z02FEB2015    0.629308    0.587354    1000.02
08Z02FEB2015    1.97649    0.936969    997.992
09Z02FEB2015    3.39826    2.42866    998.49
10Z02FEB2015    3.10458    3.55675    1000.02
11Z02FEB2015    3.24443    3.8178    1001.56
12Z02FEB2015    4.17674    5.38874    1001.63
13Z02FEB2015    4.6056    6.1206    999.919
14Z02FEB2015    4.59162    6.70795    999.285
15Z02FEB2015    4.61958    7.37922    998.956
16Z02FEB2015    4.42846    7.71018    999.515
17Z02FEB2015    4.66154    6.99231    999.689
18Z02FEB2015    4.51703    7.85003    1001.2
19Z02FEB2015    3.71991    6.95035    1003.44
20Z02FEB2015    3.89238    6.46089    1004.84
21Z02FEB2015    4.56831    6.88043    1003.99
22Z02FEB2015    4.11148    6.78254    1004.06
23Z02FEB2015    3.88772    7.40252    1003.83
00Z03FEB2015    3.37962    6.77322    1002.39
01Z03FEB2015    3.34232    6.17188    1001.42
02Z03FEB2015    4.35388    4.88995    999.273
03Z03FEB2015    4.21403    3.53811    997.936
04Z03FEB2015    4.26531    1.74342    996.594
05Z03FEB2015    2.19558    1.3938    996.799
06Z03FEB2015    1.59891    0.228415    996.401
07Z03FEB2015    1.03486    1.16072    997.035
08Z03FEB2015    2.35408    3.29571    998.328
09Z03FEB2015    3.44954    4.26531    1000.69
10Z03FEB2015    3.14654    4.73146    1003.23
11Z03FEB2015    2.41468    5.31415    1004.94
12Z03FEB2015    1.57094    6.21383    1006.68
13Z03FEB2015    1.49169    6.85712    1007.04
14Z03FEB2015    2.05108    7.47245    1006.22
15Z03FEB2015    2.97872    7.16012    1005.25
16Z03FEB2015    2.74565    7.11351    1003.69
17Z03FEB2015    2.58715    6.59608    1002.54
18Z03FEB2015    2.79226    5.80828    1002.29
19Z03FEB2015    2.70369    5.38874    1002.36
20Z03FEB2015    2.57783    5.33746    1002.26
21Z03FEB2015    3.25842    4.82003    1002.19
22Z03FEB2015    3.4542    4.27929    1001.5
23Z03FEB2015    2.37738    5.26754    1001.35
00Z04FEB2015    2.29348    5.79429    1001.83
            
            
            
            
            
            
            
            
            
            
            
            
            
            
            
            
            
            
            
            
            
            
            
            
            
            
            
            
            
            
            
            
            
            
            
            
            
            
            
            
            
            
            
            
            
            
            
            
            
            
            
            
            
            
            
            
            
            
            
            
            
            
            
            
            
            
            
            
            
            
            
            
            
            
            
            
            
            
            
            
            
            
            
            
            
            
            
            
            
            
            
            
            
            
            
            
            
            
            
            
            
            
            
            
            
            
            
            
            
            
            
            
            
            
            
            
            
            
            
            
            
            
            
            
            
            
            
            
            
            
            
            
            
            
            
            
            
            
            
            
            
            
            
            
