tyd    u    v    psl
01Z30JAN2015    -0.396231    4.545    1010.3
02Z30JAN2015    -0.885692    3.28172    1010.53
03Z30JAN2015    -1.2726    1.818    1008.45
04Z30JAN2015    -0.167815    1.73875    1010.16
05Z30JAN2015    -2.16762    3.36563    1012.84
06Z30JAN2015    -0.853062    2.60114    1009.17
07Z30JAN2015    -1.12809    1.49635    1010.04
08Z30JAN2015    0.564046    1.13275    1004.77
09Z30JAN2015    4.23734    -3.19315    1000.8
10Z30JAN2015    7.88732    -3.65931    1009.94
11Z30JAN2015    7.03892    -3.24909    1018.48
12Z30JAN2015    6.01338    -3.53811    1023.46
13Z30JAN2015    6.71262    -4.19538    1024.46
14Z30JAN2015    7.03426    -3.75254    1021.73
15Z30JAN2015    7.19275    -4.32591    1011.67
16Z30JAN2015    8.81963    -4.43312    1008.21
17Z30JAN2015    6.68931    -2.61046    1004.24
18Z30JAN2015    3.70126    3.64066    996.843
19Z30JAN2015    4.50771    1.96717    987.687
20Z30JAN2015    2.31678    0.992908    994.891
21Z30JAN2015    -0.988246    0.708554    1005.76
22Z30JAN2015    -0.881031    2.13032    1012.6
23Z30JAN2015    -1.46838    1.76672    1010.65
00Z31JAN2015    -1.26328    1.23997    1009.53
01Z31JAN2015    1.41245    1.08614    1009.44
02Z31JAN2015    2.10235    1.91589    1014.94
03Z31JAN2015    1.55695    2.85752    1021.31
04Z31JAN2015    3.05797    0.657277    1021.98
05Z31JAN2015    -0.839077    1.9392    1018.2
06Z31JAN2015    1.31922    0.610662    1016.93
07Z31JAN2015    1.60357    0.0233077    1015.56
08Z31JAN2015    1.03952    0.610662    1014.55
09Z31JAN2015    2.49858    1.1514    1012.73
10Z31JAN2015    2.9088    0.5454    1011.41
11Z31JAN2015    3.87374    0.764492    1011.87
12Z31JAN2015    3.94832    1.16072    1016.78
13Z31JAN2015    4.33523    0.456831    1019.22
14Z31JAN2015    3.52878    -0.00466154    1017.07
15Z31JAN2015    2.61978    -0.4242    1012.16
16Z31JAN2015    -3.55209    5.48663    1009.39
17Z31JAN2015    -4.80138    6.7266    1005.41
18Z31JAN2015    -5.98075    6.32105    1007.91
19Z31JAN2015    -6.53082    5.2722    1013.77
20Z31JAN2015    -6.20917    5.36543    1017.88
21Z31JAN2015    -6.09263    3.8784    1017.33
22Z31JAN2015    -7.3326    4.86198    1016.25
23Z31JAN2015    -6.51217    3.91569    1016.32
00Z01FEB2015    -5.28152    4.82469    1017.16
01Z01FEB2015    -4.99251    1.92522    1015.71
02Z01FEB2015    -3.47751    1.43109    1016.15
03Z01FEB2015    -3.54743    2.60114    1014.09
04Z01FEB2015    -2.424    -0.661938    1012.51
05Z01FEB2015    -4.27463    0.531415    1011.24
06Z01FEB2015    -3.28638    1.88792    1008.35
07Z01FEB2015    -5.77565    4.28862    1002.52
08Z01FEB2015    -6.8478    6.31638    1000.14
09Z01FEB2015    -6.70795    6.86178    1001.33
10Z01FEB2015    -6.62871    7.30929    1005.69
11Z01FEB2015    -6.66134    7.49109    1009.23
12Z01FEB2015    -6.23248    7.272    1008.03
13Z01FEB2015    -6.30706    7.24869    1004.11
14Z01FEB2015    -5.90617    7.56102    1001.67
15Z01FEB2015    -5.70106    7.19742    1000.33
16Z01FEB2015    -5.67775    6.89908    998.813
17Z01FEB2015    -4.49372    6.05534    997.936
18Z01FEB2015    -3.72923    5.73835    1000.85
19Z01FEB2015    -4.37718    2.82955    1001.11
20Z01FEB2015    -2.99737    2.11168    1001.75
21Z01FEB2015    -3.94366    3.56608    1005.25
22Z01FEB2015    -3.84577    2.72234    1005.97
23Z01FEB2015    -3.30037    1.88792    1005.64
00Z02FEB2015    -3.10925    0.881031    1005.99
01Z02FEB2015    -0.689908    0.442846    1006.43
02Z02FEB2015    -0.592015    -0.0279692    1005.85
03Z02FEB2015    -0.284354    -0.00466154    1003.87
04Z02FEB2015    0.279692    0.340292    1001.38
05Z02FEB2015    0.750508    0.2424    998.894
06Z02FEB2015    1.02554    -0.0466154    996.874
07Z02FEB2015    1.65485    0.2424    997.893
08Z02FEB2015    1.7574    1.13275    1000.52
09Z02FEB2015    2.96474    1.04885    1002.59
10Z02FEB2015    3.49615    1.27726    1005.06
11Z02FEB2015    3.81314    1.37515    1005.62
12Z02FEB2015    4.20937    1.33786    1007.11
13Z02FEB2015    4.75477    1.42177    1007.38
14Z02FEB2015    5.02514    1.69214    1006.1
15Z02FEB2015    4.86198    1.9392    1004.11
16Z02FEB2015    4.14877    2.96474    1003.16
17Z02FEB2015    -0.564046    3.58472    1003.82
18Z02FEB2015    -3.1512    4.20471    1003.3
19Z02FEB2015    -3.05331    4.28862    1002.38
20Z02FEB2015    -3.08128    2.77362    1001.76
21Z02FEB2015    -3.50548    1.2726    1001.68
22Z02FEB2015    -2.10702    0.554723    1001.81
23Z02FEB2015    -2.10235    -0.191123    1002.72
00Z03FEB2015    -1.79469    -0.755169    1003.08
01Z31JAN2015    -4.14411    1.64086    1013.45
02Z31JAN2015    -3.62668    3.19782    1012.53
03Z31JAN2015    -1.00223    3.84577    1013.28
04Z31JAN2015    -1.50568    3.60803    1011.08
05Z31JAN2015    3.8178    2.25618    1017.41
06Z31JAN2015    5.21626    1.66417    1013.51
07Z31JAN2015    3.64998    0.344954    1011.78
08Z31JAN2015    3.93434    2.57317    1013.61
09Z31JAN2015    4.29328    3.05331    1020.08
10Z31JAN2015    4.81537    3.32368    1025.9
11Z31JAN2015    4.73146    2.14897    1028.42
12Z31JAN2015    5.23491    2.70835    1029.68
13Z31JAN2015    4.27463    2.40069    1026.43
14Z31JAN2015    4.54966    2.53122    1023.84
15Z31JAN2015    4.23734    2.21889    1020.49
16Z31JAN2015    4.09749    3.22578    1015.66
17Z31JAN2015    1.04885    3.3936    1013.11
18Z31JAN2015    -4.03689    5.19762    1007.07
19Z31JAN2015    -7.90597    4.28862    1001.67
20Z31JAN2015    -6.44691    5.96677    1000.83
21Z31JAN2015    -6.81051    4.68485    1005.47
22Z31JAN2015    -8.9688    3.52412    1009.25
23Z31JAN2015    -4.43312    3.37962    1010.03
00Z01FEB2015    -1.60823    1.42177    1011.24
01Z01FEB2015    -0.974262    -0.0326308    1015.67
02Z01FEB2015    -0.0372923    -1.01155    1018.42
03Z01FEB2015    -0.107215    1.51034    1020.8
04Z01FEB2015    -0.573369    0.946292    1021.56
05Z01FEB2015    -0.391569    0.895015    1021.23
06Z01FEB2015    -3.16985    3.19782    1020.39
07Z01FEB2015    -4.06952    2.63377    1021.13
08Z01FEB2015    -7.16012    3.34698    1021.4
09Z01FEB2015    -8.19498    4.64289    1018.53
10Z01FEB2015    -8.64249    6.01338    1015.63
11Z01FEB2015    -8.54926    6.06932    1013.44
12Z01FEB2015    -8.83362    5.454    1012.66
13Z01FEB2015    -8.12506    4.64289    1011.59
14Z01FEB2015    -6.41428    4.43778    1011.2
15Z01FEB2015    -7.59831    6.666    1008.46
16Z01FEB2015    -7.36523    8.02717    1007
17Z01FEB2015    -8.05048    7.60763    1006.58
18Z01FEB2015    -9.36969    5.88752    1007.59
19Z01FEB2015    -11.1737    6.01805    1009.39
20Z01FEB2015    -12.1713    6.30706    1012.35
21Z01FEB2015    -12.1153    5.72437    1012.76
22Z01FEB2015    -9.71931    4.73612    1012.64
23Z01FEB2015    -10.1435    4.26531    1012.52
00Z02FEB2015    -9.46292    0.867046    1011.91
01Z02FEB2015    -4.85266    0.936969    1011.11
02Z02FEB2015    -2.83888    0.116538    1009.09
03Z02FEB2015    -0.592015    -0.661938    1007.43
04Z02FEB2015    1.01155    -0.629308    1005.55
05Z02FEB2015    0.279692    -1.07215    1003.83
06Z02FEB2015    0.400892    -0.303    1002.04
07Z02FEB2015    0.633969    0.918323    999.484
08Z02FEB2015    0.955615    0.960277    997.961
09Z02FEB2015    -2.34009    1.55229    998.564
10Z02FEB2015    -4.94123    2.29348    999.739
11Z02FEB2015    -5.88752    4.03223    1001.08
12Z02FEB2015    -4.94123    5.18829    1001.1
13Z02FEB2015    -5.11371    6.29774    999.907
14Z02FEB2015    -4.545    6.48886    998.303
15Z02FEB2015    -4.94123    6.99231    998.098
16Z02FEB2015    -4.41914    6.18586    998.981
17Z02FEB2015    -4.34455    5.74768    998.919
18Z02FEB2015    -5.16032    4.27463    1001.18
19Z02FEB2015    -5.50994    3.81314    1003.11
20Z02FEB2015    -7.24869    3.90171    1004.11
21Z02FEB2015    -7.67755    4.08351    1003.8
22Z02FEB2015    -6.28842    4.08351    1003.74
23Z02FEB2015    -4.48906    2.29814    1003.59
00Z03FEB2015    -2.56385    0.270369    1001.95
01Z03FEB2015    -2.07905    -0.265708    1000.65
02Z03FEB2015    -2.32145    -0.298338    999.111
03Z03FEB2015    -0.675923    -0.172477    997.713
04Z03FEB2015    -0.508108    -1.40312    996.6
05Z03FEB2015    0.386908    -0.428862    996.432
06Z03FEB2015    0.909    0.470815    996.308
07Z03FEB2015    1.35185    1.16538    997.166
08Z03FEB2015    1.83665    0.913662    998.409
09Z03FEB2015    3.07662    -0.0699231    1000.99
10Z03FEB2015    4.19072    0.265708    1003.2
11Z03FEB2015    4.32591    0.368262    1005.33
12Z03FEB2015    4.242    0.624646    1006.72
13Z03FEB2015    3.77118    0.778477    1006.98
14Z03FEB2015    4.14411    1.48237    1006.07
15Z03FEB2015    4.44245    1.31922    1005.53
16Z03FEB2015    3.8178    1.35185    1003.49
17Z03FEB2015    3.10458    2.58715    1002.76
18Z03FEB2015    1.23997    2.89482    1001.83
19Z03FEB2015    0.932308    2.49858    1002.32
20Z03FEB2015    1.0302    0.946292    1001.99
21Z03FEB2015    -0.167815    0.209769    1002.34
22Z03FEB2015    -1.12343    -0.111877    1001.38
23Z03FEB2015    -0.992908    -0.251723    1000.78
00Z04FEB2015    -0.689908    0.913662    1001.71
            
            
            
            
            
            
            
            
            
            
            
            
            
            
            
            
            
            
            
            
            
            
            
            
            
            
            
            
            
            
            
            
            
            
            
            
            
            
            
            
            
            
            
            
            
            
            
            
            
            
            
            
            
            
            
            
            
            
            
            
            
            
            
            
            
            
            
            
            
            
            
            
            
            
            
            
            
            
            
            
            
            
            
            
            
            
            
            
            
            
            
            
            
            
            
            
            
            
            
            
            
            
            
            
            
            
            
            
            
            
            
            
            
            
            
            
            
            
            
            
            
            
            
            
            
            
            
            
            
            
            
            
            
            
            
            
            
            
            
            
            
            
            
            
